0 1 1
0 2 2
1 1 1
1 2 2
2 1 1
2 2 2
2 1 3
2 1 4
3 1 1
3 2 2
3 1 3
3 1 4
4 1 1
4 2 2
4 1 3
4 1 4
5 1 2
5 2 3
5 4 4
5 6 5
5 15 6
5 4 8
5 8 9
5 8 10
5 9 11
5 9 12
5 19 13
5 11 14
5 12 15
5 13 16
5 8 17
5 11 19
5 15 22
5 12 23
5 19 24
5 5 25
6 1 2
7 1 2
8 2 1
8 9 2
8 3 4
8 4 5
8 5 6
8 5 7
8 5 8
8 8 9
8 9 10
8 10 11
8 11 13
8 12 14
8 12 15
8 1 16
9 1 1
9 1 2
9 11 4
9 3 5
9 4 6
9 11 7
9 5 8
9 6 9
9 7 10
9 9 12
9 7 13
9 11 15
9 1 16
9 13 17
9 14 19
10 1 1
10 2 2
11 3 1
11 5 2
11 5 3
11 4 4
11 11 5
11 9 6
11 10 7
11 11 8
11 9 9
11 11 11
11 15 12
11 16 13
11 3 14
11 6 15
11 16 16
11 6 17
11 22 18
12 1 1
12 17 2
12 1 3
12 13 4
12 7 5
12 16 6
12 2 7
12 12 8
12 8 9
12 10 10
12 13 12
12 15 13
12 11 14
12 20 15
12 18 16
12 7 17
12 20 18
12 12 19
12 21 20
12 24 21
13 9 1
13 11 2
13 4 4
13 4 5
13 13 6
13 21 7
13 21 8
13 23 9
13 21 12
13 16 13
13 12 14
13 9 15
13 22 17
14 4 1
14 1 3
14 4 4
15 1 1
15 2 2
16 5 1
16 6 2
16 21 3
16 15 4
16 20 5
16 16 6
16 7 7
16 8 8
16 8 9
16 10 10
16 11 11
16 12 12
16 10 13
16 15 14
16 16 15
16 17 16
16 18 17
16 19 18
16 21 19
16 20 20
16 22 21
16 19 22
16 23 23
17 2 1
17 2 2
17 3 3
17 5 4
17 1 5
17 2 6
17 5 7
18 2 1
18 2 2
18 3 3
18 4 4
18 5 5
18 13 6
18 7 7
18 8 8
18 9 9
18 10 10
18 2 11
18 11 12
18 12 13
18 14 15
18 13 16
18 15 17
19 10 1
19 4 2
19 2 3
19 5 4
19 6 5
19 8 6
19 6 7
19 8 8
19 10 9
19 8 10
19 3 11
19 8 12
19 10 13
19 12 14
19 13 15
19 14 16
19 1 17
19 6 18
19 12 20
19 1 22
19 7 23
19 18 24
20 2 1
20 4 2
20 3 4
20 4 5
20 5 6
20 12 7
20 6 8
20 6 9
20 7 10
20 8 11
20 11 12
20 10 13
20 10 14
20 9 15
20 12 16
20 12 17
20 12 18
20 12 19
20 8 20
20 1 23
21 1 1
21 5 2
21 5 4
21 4 5
21 1 6
21 4 7
21 4 8
21 9 9
21 10 10
22 1 1
22 1 2
22 1 3
22 4 4
22 5 5
22 12 6
22 8 7
22 9 8
22 9 9
22 8 10
22 11 11
22 10 12
22 13 13
22 14 14
23 2 1
23 1 3
23 2 4
24 2 1
24 8 2
24 3 4
24 4 5
24 5 6
24 8 7
24 5 8
24 19 9
24 7 10
24 8 11
24 12 12
24 10 13
24 8 14
24 12 15
24 3 16
24 5 17
24 16 18
24 18 19
24 19 20
24 23 21
24 7 22
24 22 23
24 15 24
24 25 26
24 1 27
25 1 1
25 1 3
25 3 4
25 3 5
26 2 1
26 3 2
26 2 3
26 3 4
26 14 5
26 2 7
26 4 8
26 2 9
26 1 10
26 13 11
26 2 12
26 7 13
26 4 14
26 15 16
27 1 1
27 3 3
27 4 4
27 5 5
27 3 6
27 6 7
27 7 8
28 7 1
28 13 2
28 8 3
28 10 4
28 3 5
28 13 6
28 23 7
28 23 8
28 10 9
28 11 10
28 18 12
28 13 13
28 15 14
28 4 15
28 19 17
28 18 18
28 19 19
28 22 21
28 23 22
28 7 23
29 2 1
29 10 2
29 6 3
29 3 4
29 1 5
29 11 6
29 1 7
29 5 8
29 1 9
29 6 10
29 8 11
29 7 12
29 8 13
29 10 14
29 10 15
29 11 16
30 1 1
30 5 2
30 10 3
30 6 5
30 8 6
30 10 7
30 6 9
30 10 10
30 11 11
30 12 12
30 13 13
30 14 14
30 2 15
30 10 16
30 16 17
30 3 18
30 12 20
30 11 21
30 19 22
30 14 23
30 7 24
31 8 1
31 9 2
31 13 3
31 11 4
31 11 5
31 1 6
31 13 7
31 6 8
31 1 9
31 5 10
31 3 11
31 4 12
31 5 13
31 6 14
31 4 15
31 3 16
31 6 17
31 8 18
31 14 19
32 10 1
32 2 2
32 1 3
32 5 4
32 7 5
32 17 6
32 5 8
32 9 9
32 10 10
32 1 11
32 13 12
32 13 13
32 14 14
32 16 15
32 13 16
32 14 17
32 20 18
32 6 19
33 1 1
33 3 4
33 5 5
33 6 7
33 8 8
33 16 9
33 6 11
33 10 12
33 11 13
33 15 14
33 12 15
33 20 16
33 15 17
33 15 18
33 20 19
33 17 20
33 18 21
33 20 23
33 20 24
33 21 25
33 15 26
33 7 27
34 1 1
34 2 2
34 3 3
34 4 4
34 5 5
34 6 6
34 15 7
34 8 8
34 15 9
34 9 10
34 10 11
34 13 12
34 11 13
34 11 14
34 12 15
34 14 16
34 15 17
34 13 18
34 17 19
35 1 1
35 3 2
35 12 3
35 3 4
35 10 5
35 11 7
35 4 8
35 8 9
35 9 10
35 10 11
35 11 12
35 2 13
35 1 14
35 1 15
35 14 16
36 2 1
36 1 2
36 1 3
36 2 4
36 2 5
36 4 6
36 2 7
37 2 1
37 2 3
37 3 4
37 5 5
37 5 6
37 4 7
37 6 8
37 4 9
37 5 10
37 15 11
37 15 12
37 12 13
37 13 14
37 15 15
37 3 16
37 11 17
37 12 18
37 12 19
37 14 20
37 15 21
37 6 22
37 2 23
37 1 24
38 1 1
38 2 2
38 3 3
38 6 4
38 5 5
38 6 6
38 6 7
38 7 8
38 9 9
38 8 10
38 10 11
38 11 12
38 12 14
38 13 15
38 15 16
39 1 1
39 23 2
39 2 3
39 7 4
39 16 5
39 12 6
39 7 7
39 2 8
39 2 9
39 7 11
39 1 12
39 10 13
39 16 14
39 6 15
39 12 16
39 4 17
39 14 19
39 7 21
39 1 22
39 23 23
39 3 24
39 23 25
39 24 26
40 1 1
40 2 2
40 3 3
40 2 4
40 2 5
40 1 7
40 1 8
40 12 10
40 13 11
40 14 12
41 1 1
41 2 2
41 6 4
41 17 5
41 4 6
41 1 7
41 6 8
41 5 9
41 10 10
41 15 11
41 2 12
41 8 13
41 10 14
41 15 15
41 4 16
41 10 17
41 13 18
41 14 19
41 14 20
41 12 21
41 15 22
41 4 24
41 13 25
41 12 26
41 20 27
41 22 28
42 4 1
42 4 2
42 6 3
42 3 4
42 1 5
42 2 7
42 1 8
43 1 1
43 17 2
43 1 3
43 6 4
43 4 5
43 14 6
43 7 7
43 8 8
43 9 9
43 11 10
43 19 11
43 16 12
43 16 13
43 19 14
43 2 15
43 14 16
43 12 17
43 2 18
43 13 19
43 21 21
44 1 2
45 1 2
46 1 1
46 3 3
46 5 4
46 2 5
46 8 6
46 6 7
46 11 8
46 8 9
46 10 10
46 11 11
46 14 12
46 13 13
46 16 15
46 17 16
46 19 18
46 20 19
47 1 1
47 3 2
47 9 3
47 15 4
47 4 5
47 6 7
47 4 8
47 10 10
47 10 11
47 4 12
47 12 13
47 11 14
47 13 15
47 14 16
47 15 17
47 16 18
47 3 19
47 18 20
47 19 21
47 6 22
47 6 23
47 23 24
47 13 25
47 10 26
47 24 27
48 4 1
48 12 3
48 13 5
48 7 7
48 8 8
48 8 9
48 10 11
48 12 12
48 8 13
48 13 14
48 10 15
48 10 16
48 12 17
48 13 18
49 1 1
49 2 2
49 3 3
49 5 5
49 19 6
49 7 7
49 8 8
49 19 9
49 14 10
49 18 11
49 19 12
49 20 13
49 10 15
49 11 16
49 16 17
49 19 18
49 22 20
50 6 1
50 8 2
50 5 3
50 3 4
50 4 5
50 5 6
50 11 7
50 12 8
50 6 9
50 5 11
50 18 12
50 14 13
50 6 14
50 18 15
50 14 16
50 1 17
50 10 18
50 2 19
50 9 20
50 3 21
50 23 22
50 22 23
50 24 24
51 1 1
51 2 2
51 1 3
51 8 4
51 9 5
51 8 6
51 9 7
51 4 8
51 7 9
51 10 10
51 7 11
51 10 12
51 4 13
51 10 14
51 13 16
51 13 17
51 8 19
51 13 20
51 13 22
51 15 23
51 5 24
51 15 25
52 11 1
52 18 2
52 11 3
52 11 4
52 18 5
52 13 6
52 11 7
52 14 8
52 18 9
52 16 10
52 17 11
52 4 12
52 17 13
52 18 14
52 20 15
52 20 16
52 5 17
52 2 18
52 1 19
52 3 20
52 16 21
52 21 23
53 13 1
53 3 2
53 7 3
53 3 4
53 11 5
53 1 6
53 5 7
53 6 8
53 9 9
53 8 10
53 10 11
53 11 12
53 8 13
53 4 14
53 7 15
53 15 16
54 4 1
54 6 2
54 6 3
54 2 4
54 12 5
54 7 6
54 21 7
54 9 9
54 10 10
54 10 11
54 6 12
54 11 13
54 10 14
54 1 15
54 13 16
54 13 17
54 14 18
54 15 19
54 16 20
54 4 21
54 5 22
54 17 23
54 18 24
54 19 25
54 21 26
54 22 27
55 1 1
55 2 2
55 3 3
55 4 4
55 4 5
55 4 6
55 5 7
55 2 8
55 6 9
56 1 1
56 2 2
56 3 3
56 2 4
56 22 5
56 6 6
56 24 7
56 13 8
56 5 9
56 25 10
56 22 11
56 13 12
56 13 13
56 10 14
56 13 16
56 12 17
56 13 18
56 4 20
56 25 21
56 13 22
56 16 23
56 8 25
56 18 27
56 20 28
56 20 29
56 26 30
57 3 1
57 4 2
57 8 3
57 12 4
57 8 6
57 10 7
57 10 9
57 8 10
57 11 11
57 4 13
57 17 14
57 4 15
57 18 17
58 9 1
58 16 3
58 2 5
58 1 6
58 5 8
58 4 10
58 8 11
58 4 12
58 5 13
58 4 15
58 13 16
58 9 17
58 15 18
58 16 19
59 4 1
59 6 2
59 13 3
59 7 4
59 27 5
59 11 6
59 10 7
59 12 8
59 20 9
59 11 10
59 13 11
59 11 12
59 14 13
59 2 14
59 16 16
59 17 17
59 18 18
59 20 19
59 18 20
59 22 22
59 20 23
59 24 24
59 26 25
59 27 26
60 2 1
60 3 4
60 4 5
60 5 6
60 5 8
60 1 9
61 1 1
61 2 2
61 2 3
61 3 4
61 5 5
61 6 7
61 3 8
61 2 10
61 8 11
61 3 12
61 11 13
62 1 1
62 2 3
62 3 4
62 4 5
62 3 6
62 4 7
62 6 9
62 7 11
62 8 12
62 7 13
62 2 14
62 10 15
62 11 16
63 1 1
63 2 2
63 2 3
63 15 4
63 3 5
63 3 6
63 4 7
63 15 8
63 3 9
63 7 10
63 5 11
63 13 12
63 12 13
63 8 15
63 9 16
63 10 17
63 10 18
63 7 19
63 4 20
63 16 21
63 13 22
63 12 23
63 14 24
63 5 25
63 17 26
63 10 28
63 20 29
64 2 1
64 1 2
64 2 3
65 1 1
65 9 2
65 3 3
65 10 4
65 4 5
65 5 6
65 19 7
65 17 8
65 7 9
65 13 10
65 10 11
65 15 12
65 16 13
65 18 14
65 17 15
65 24 16
65 19 17
65 9 18
65 24 19
65 9 21
65 17 22
65 20 23
65 26 24
65 26 25
65 27 26
65 29 27
66 2 1
66 2 2
67 1 1
67 4 3
67 5 4
67 6 5
67 7 6
67 2 7
67 8 8
67 9 10
67 5 11
67 21 12
67 1 13
67 12 14
67 14 15
67 16 16
67 15 17
67 17 18
67 21 19
67 18 20
67 13 21
67 20 22
67 21 23
67 12 24
67 28 26
68 2 1
68 3 2
68 4 3
68 4 4
68 12 5
68 1 6
68 5 7
68 16 8
68 15 9
68 1 10
68 10 11
68 21 12
68 11 13
68 4 14
68 20 15
68 7 16
68 15 17
68 12 18
68 5 19
68 1 20
68 20 22
68 22 23
68 23 24
68 5 25
68 24 26
68 25 27
68 28 28
69 1 1
69 7 2
69 4 3
69 5 4
69 6 5
69 7 6
69 6 8
69 8 9
69 10 10
69 4 11
69 6 12
69 6 13
69 7 14
69 18 16
70 1 1
70 1 2
70 1 3
70 3 4
70 8 5
70 2 6
70 4 7
70 7 8
70 5 9
70 7 11
70 6 12
70 7 13
70 8 14
70 10 17
70 11 18
70 13 20
71 1 1
71 10 3
71 28 4
71 16 5
71 7 6
71 8 7
71 9 8
71 9 9
71 7 10
71 13 11
71 1 12
71 15 13
71 12 14
71 27 15
71 17 16
71 7 17
71 18 18
71 12 19
71 16 20
71 17 21
71 18 22
71 22 23
71 15 24
71 28 25
71 28 26
71 28 27
71 28 28
71 29 29
72 6 1
72 1 2
72 2 3
72 3 4
72 6 5
72 5 6
72 6 7
72 8 9
72 10 11
72 3 12
72 6 13
72 6 14
72 10 15
72 1 16
72 2 17
72 15 18
73 2 1
73 8 2
73 3 4
73 4 5
73 5 6
73 5 7
73 5 8
73 10 9
73 8 10
73 9 11
73 12 13
73 8 14
73 8 15
73 14 16
73 12 17
73 8 18
73 1 20
74 15 1
74 1 2
74 8 3
74 2 4
74 7 5
74 15 6
74 3 7
74 4 8
74 5 9
74 6 10
74 10 11
74 4 12
74 6 13
74 17 16
75 3 1
75 9 3
75 5 4
75 7 5
75 8 6
75 9 7
75 10 8
75 11 9
76 1 1
76 3 3
76 1 4
76 5 5
77 6 1
77 6 4
77 5 5
77 6 6
77 5 7
77 5 8
77 4 9
77 8 10
78 1 1
78 2 2
79 2 1
79 3 4
79 5 5
79 9 6
79 7 7
79 4 8
79 4 9
79 6 10
79 17 11
79 5 12
79 8 13
79 9 14
79 3 17
79 14 18
79 9 19
79 18 20
79 14 21
79 1 24
80 2 1
80 3 4
80 4 5
80 7 7
80 4 8
80 5 9
80 4 10
80 7 11
80 11 12
80 11 13
80 1 14
81 1 1
81 2 2
81 16 3
81 5 4
81 6 5
81 2 7
81 10 8
81 5 9
81 13 11
81 19 13
81 19 14
81 13 15
81 16 16
81 15 18
81 17 19
81 15 20
81 20 21
81 21 22
81 2 23
82 11 1
82 12 2
82 7 3
82 12 4
82 9 5
82 10 6
82 3 8
82 3 9
82 2 10
82 7 11
82 16 12
82 16 13
82 10 14
82 11 15
82 2 16
82 13 18
82 7 19
82 12 20
82 12 21
82 7 23
82 16 24
82 16 25
82 17 26
82 7 27
82 16 28
82 16 29
82 20 30
83 1 1
83 3 3
83 5 4
83 15 5
83 22 6
83 10 7
83 12 9
83 10 10
83 15 11
83 9 13
83 25 14
83 18 15
83 19 17
83 10 18
83 21 19
83 23 20
83 15 21
83 10 22
83 27 24
84 4 1
84 2 2
84 2 3
84 3 4
84 9 5
84 4 7
84 4 8
84 5 9
84 12 10
84 2 11
84 7 12
84 14 14
85 8 1
85 7 2
85 3 3
85 3 4
85 3 5
85 15 6
85 4 7
85 5 8
85 6 9
85 7 10
85 2 11
85 3 12
85 8 13
85 9 14
85 7 15
85 8 16
85 10 18
85 8 19
85 15 21
86 1 1
86 2 2
86 8 3
86 2 4
86 1 5
86 7 6
86 6 7
86 7 8
86 7 9
86 7 10
86 7 11
86 4 12
86 9 13
86 8 14
86 11 15
86 12 16
86 13 17
87 2 1
87 10 2
87 9 3
87 13 4
87 9 5
87 10 6
87 3 8
87 2 9
87 5 10
87 3 11
87 14 12
87 9 14
87 10 15
87 14 16
87 13 18
87 8 19
87 12 21
87 14 22
88 3 1
88 7 2
88 2 3
88 7 4
88 7 5
88 2 6
88 3 7
88 5 8
88 10 10
88 7 11
88 19 12
88 17 14
88 24 15
88 24 16
88 24 17
88 2 18
88 16 19
88 20 20
88 10 21
88 21 22
88 22 23
88 24 24
88 24 25
88 25 26
89 1 1
89 3 2
89 2 3
89 3 4
89 1 5
89 4 6
89 2 7
89 2 8
89 2 9
89 15 10
89 11 11
89 12 12
89 2 13
89 2 14
89 12 16
89 10 17
89 11 18
89 12 19
89 6 20
89 14 21
89 15 22
90 1 1
90 3 2
90 12 3
90 1 4
90 3 5
90 12 6
90 5 7
90 4 8
90 10 9
90 5 10
90 5 11
90 14 13
90 14 14
90 11 15
90 15 16
91 1 1
91 2 2
91 20 3
91 10 4
91 3 5
91 11 6
91 9 7
91 10 8
91 6 9
91 13 10
91 5 11
91 13 12
91 9 13
91 3 14
91 15 15
91 9 16
91 9 17
91 19 18
91 20 19
92 5 1
92 5 2
92 5 3
92 6 5
92 7 6
92 2 7
92 11 8
92 17 9
92 12 10
92 10 11
92 12 12
92 14 13
92 19 14
92 14 16
92 18 17
92 7 18
92 21 20
92 23 22
93 8 1
93 2 2
93 2 3
93 4 4
93 5 5
93 17 6
93 7 7
93 8 8
93 3 9
93 5 10
93 11 11
93 9 12
93 12 13
93 11 14
93 12 15
93 13 16
93 5 17
93 11 18
93 12 19
93 11 20
93 11 21
93 12 22
93 3 23
93 25 24
94 5 1
94 6 2
94 1 3
94 1 4
94 8 5
94 7 6
94 4 7
94 9 8
94 10 9
94 7 10
94 4 11
94 14 13
94 2 14
94 16 15
94 17 16
95 2 3
95 4 5
95 6 7
95 7 8
95 8 9
95 8 10
95 9 11
95 10 12
95 11 13
95 12 14
96 13 1
96 1 2
96 8 3
96 4 4
96 6 6
96 7 8
96 9 9
96 19 10
96 19 11
96 18 12
96 6 13
96 22 15
96 12 16
96 15 17
96 6 18
96 13 19
96 15 20
96 14 21
96 10 22
97 16 1
97 1 2
97 1 3
97 3 4
97 12 5
97 4 6
97 7 7
97 1 9
97 8 10
97 16 12
97 10 13
97 13 14
97 15 16
97 13 17
97 4 19
97 2 20
97 17 21
97 18 22
98 1 1
98 2 2
98 3 3
98 5 5
99 8 1
99 4 2
99 28 3
99 2 4
99 3 5
99 19 6
99 4 7
99 5 8
99 6 9
99 10 10
99 6 12
99 16 13
99 13 14
99 16 16
99 2 17
99 18 18
99 24 19
99 19 20
99 20 21
99 21 22
99 1 23
99 4 24
99 24 25
99 20 26
99 21 27
99 21 28
99 30 29
100 2 1
100 7 2
100 2 4
100 9 5
100 6 6
100 4 7
100 5 8
100 9 9
101 1 1
101 2 2
101 1 3
101 2 4
101 3 5
101 4 6
101 5 7
101 6 8
101 7 9
101 7 10
101 5 11
101 13 13
101 15 14
102 4 1
102 1 3
102 2 4
102 6 6
102 1 7
102 8 8
102 9 9
102 1 10
102 19 11
102 18 12
102 9 13
102 1 14
102 22 15
102 21 16
102 9 17
102 1 18
102 8 19
102 12 20
102 9 21
102 9 22
102 13 23
102 15 24
102 21 25
102 23 26
103 4 1
103 4 2
103 3 3
103 2 4
103 7 5
103 2 6
103 3 7
103 5 8
103 7 9
103 8 10
103 10 11
103 11 12
103 1 14
104 1 1
104 2 2
104 5 3
104 2 4
104 2 5
104 5 6
104 2 7
104 2 8
104 9 9
104 2 10
104 2 11
104 1 13
104 6 14
104 7 15
104 8 16
104 9 17
105 2 1
105 4 2
105 3 4
105 4 5
105 5 6
105 5 7
105 7 8
105 8 9
105 9 10
105 13 11
105 8 12
105 11 13
105 12 14
105 8 15
105 10 16
105 1 17
106 1 1
106 2 2
106 2 3
106 4 4
106 14 5
106 4 7
106 5 8
106 4 9
106 10 10
106 5 11
106 9 12
106 6 13
106 1 14
106 6 15
106 8 16
106 11 17
106 12 18
106 4 19
106 2 20
106 4 21
106 15 22
106 8 23
106 10 24
106 5 25
106 18 26
106 19 27
106 20 28
106 22 30
107 4 1
107 4 3
107 10 4
107 4 5
107 6 6
107 8 7
107 4 8
107 17 10
107 12 12
107 13 13
107 10 14
107 15 15
107 4 17
107 6 18
107 17 20
107 10 21
107 20 22
107 20 23
107 21 24
108 10 1
108 17 3
108 4 4
108 3 5
108 18 6
108 6 7
108 7 8
108 7 9
108 18 10
108 10 11
108 10 12
108 11 13
108 6 14
108 4 15
108 13 16
108 6 17
108 4 18
108 16 19
108 17 20
108 4 21
108 17 22
108 19 23
109 1 1
109 4 3
109 5 4
109 4 5
109 2 6
109 8 7
110 1 1
110 1 3
110 1 4
110 6 6
110 5 7
110 7 8
110 8 10
110 1 11
110 11 12
110 1 13
110 12 14
110 13 15
111 8 1
111 22 2
111 2 3
111 4 4
111 5 5
111 10 6
111 4 7
111 5 8
111 8 9
111 17 10
111 9 11
111 10 12
111 7 14
111 4 15
111 13 16
111 14 17
111 15 18
111 6 19
111 16 20
111 8 21
111 19 22
111 15 23
111 12 24
111 22 25
111 23 27
112 1 2
112 2 3
112 4 4
112 6 6
113 9 1
113 1 2
113 6 3
113 4 4
113 5 5
113 6 6
113 7 7
113 4 8
113 9 9
113 22 11
113 9 12
113 10 13
113 12 14
113 6 15
113 22 16
113 17 18
113 12 19
113 7 20
113 14 21
113 4 23
113 23 24
113 24 25
113 25 26
114 9 2
114 2 3
114 1 4
114 5 5
114 4 6
114 1 7
114 7 8
114 9 10
115 2 1
115 2 2
115 3 3
115 4 5
115 3 6
116 1 1
116 17 2
116 2 3
116 3 4
116 4 5
116 17 6
116 19 7
116 10 8
116 3 9
116 9 10
116 14 11
116 10 12
116 12 13
116 19 14
116 14 15
116 16 16
116 12 17
116 18 18
116 18 19
116 19 20
116 20 21
116 21 22
117 1 1
117 4 3
117 6 4
117 4 7
117 8 8
117 9 9
117 10 10
117 10 12
117 2 13
117 8 14
117 1 15
117 5 16
118 1 1
118 2 2
118 3 3
118 3 4
118 7 5
118 15 6
118 5 8
118 19 9
118 10 10
118 7 11
118 20 12
118 10 13
118 12 14
118 2 15
118 16 16
118 13 18
118 16 19
118 7 20
118 20 21
118 20 22
118 20 23
118 22 24
118 20 25
118 24 26
118 25 27
118 26 28
119 1 1
119 1 2
119 3 3
119 4 4
119 7 5
119 6 6
119 7 7
119 5 8
119 2 9
119 9 10
120 6 1
120 11 2
120 6 3
120 9 4
120 15 5
120 9 6
120 11 7
120 5 8
120 8 10
120 6 12
120 10 15
120 20 16
120 22 17
120 23 18
121 2 1
121 7 2
121 3 4
121 5 7
121 6 8
121 5 9
121 5 10
121 10 11
121 7 12
121 9 13
121 10 14
121 7 15
121 9 16
121 10 17
121 14 18
121 10 19
121 6 20
121 10 22
121 3 23
121 10 24
121 6 25
121 10 26
121 1 27
122 1 1
122 3 3
122 16 4
122 3 5
122 3 6
122 9 8
122 11 9
122 12 10
122 8 11
122 15 12
122 14 13
122 11 14
122 18 15
122 9 16
122 20 17
122 18 18
122 9 19
122 20 20
122 22 21
122 21 22
122 23 23
123 2 2
124 1 1
124 2 2
124 3 3
124 4 4
124 5 5
124 21 6
124 17 7
124 4 8
124 7 10
124 8 11
124 12 12
124 21 13
124 8 14
124 10 16
124 13 17
124 14 18
124 17 19
124 2 20
124 18 22
124 24 23
124 25 24
124 26 25
125 6 1
125 8 2
125 14 3
125 2 4
125 4 5
125 2 8
125 15 9
125 8 10
125 12 11
125 14 12
125 3 14
126 1 1
126 20 2
126 3 4
126 4 5
126 5 6
126 6 7
126 7 8
126 21 9
126 19 11
126 3 13
126 15 14
126 4 15
126 10 17
126 21 18
126 17 19
126 20 20
126 25 21
126 8 22
126 1 24
127 1 1
127 2 2
127 2 3
127 3 4
127 5 5
127 3 6
127 5 7
127 10 8
127 3 9
127 10 10
127 9 11
127 3 12
127 10 13
127 15 14
127 7 15
127 16 17
127 14 18
127 15 19
127 2 20
127 9 21
127 3 22
127 16 23
127 18 24
127 19 25
127 20 26
128 4 1
128 16 2
128 2 3
128 14 5
128 4 6
128 7 7
128 5 9
128 11 10
128 12 11
128 6 13
128 4 14
128 12 15
128 3 16
128 4 17
128 16 18
128 18 19
129 12 1
129 3 3
129 10 4
129 11 5
129 7 6
129 8 7
129 7 9
129 12 10
130 7 1
130 4 2
130 2 3
130 12 4
130 18 5
130 11 6
130 7 7
130 11 8
130 13 9
130 14 10
130 7 11
130 16 12
130 12 13
130 5 14
130 4 16
130 8 17
130 21 18
130 24 19
131 1 1
131 2 2
131 6 3
131 1 4
131 7 5
131 9 6
131 7 7
131 1 8
131 6 9
131 2 10
131 11 11
132 4 1
132 7 2
132 1 3
132 1 4
132 4 5
132 4 6
132 3 7
132 5 8
132 5 9
132 1 10
132 7 11
133 1 1
133 1 2
133 3 4
133 4 5
133 5 7
133 3 8
133 7 9
133 8 10
133 10 11
133 8 12
133 10 13
133 13 14
133 12 15
133 4 17
134 1 1
134 1 3
134 6 4
134 7 5
134 7 11
134 7 12
135 1 1
135 5 2
135 8 4
135 8 5
135 10 6
135 17 7
135 12 8
135 1 9
135 10 11
135 12 12
135 1 13
135 18 15
136 1 1
136 3 2
136 2 3
136 4 4
136 4 5
136 6 6
136 9 9
136 10 10
136 19 11
136 5 12
136 10 13
136 6 14
136 6 15
136 14 16
136 15 17
136 20 18
137 2 1
137 1 2
137 2 3
137 1 5
137 2 6
137 7 7
137 2 8
137 7 10
138 3 1
138 6 2
138 4 3
138 9 5
138 7 6
138 10 7
138 9 8
138 9 9
138 9 11
138 12 12
138 6 13
138 11 14
138 12 15
138 13 18
139 12 1
139 6 2
139 9 3
139 4 4
139 5 5
139 7 6
139 6 7
139 3 8
139 10 9
139 11 10
139 12 11
140 1 1
140 10 2
140 2 3
140 3 4
140 4 5
140 6 6
140 8 7
140 8 8
140 5 9
140 6 10
140 5 11
140 10 12
140 12 13
140 13 14
140 9 15
140 15 16
140 16 17
140 17 18
140 18 19
141 1 1
141 2 3
141 2 4
141 5 5
141 2 6
141 5 7
141 5 8
141 4 9
141 7 10
141 13 11
141 8 12
141 6 13
141 12 14
141 12 15
141 13 16
141 9 17
141 12 18
141 16 20
141 12 21
141 19 23
142 1 1
142 2 2
142 3 3
142 4 4
142 5 5
142 7 6
142 8 8
142 9 9
143 2 1
143 11 2
143 1 3
143 3 4
143 14 6
143 18 7
143 7 8
143 8 9
143 10 10
143 22 11
143 12 12
143 11 13
143 16 15
143 16 16
143 2 17
143 18 18
143 19 19
143 6 20
143 9 21
143 22 22
143 18 23
143 24 24
143 26 25
143 27 26
144 1 1
144 2 3
144 3 4
145 4 1
145 1 2
145 2 3
145 6 4
145 4 5
145 8 6
145 4 7
145 10 8
145 6 9
145 8 11
145 11 13
146 4 2
146 1 3
146 10 5
146 8 6
146 5 7
146 11 8
146 13 9
147 1 1
147 3 3
147 1 4
147 5 5
147 6 6
147 7 7
147 8 8
147 9 9
147 6 10
147 12 12
147 7 13
147 6 14
147 6 15
147 16 17
147 16 18
147 16 19
147 6 20
147 1 21
147 8 22
147 17 24
147 17 25
147 6 28
147 21 29
147 24 30
148 2 1
148 6 2
148 3 4
148 4 5
148 5 6
148 5 7
148 8 8
148 5 9
148 6 10
148 7 11
148 8 12
148 7 13
148 8 14
148 11 15
148 13 16
148 8 17
148 2 19
149 22 1
149 3 2
149 4 3
149 8 4
149 8 5
149 5 6
149 22 7
149 19 8
149 8 9
149 10 10
149 9 11
149 25 12
149 1 13
149 16 14
149 21 15
149 15 16
149 17 17
149 25 18
149 20 19
149 22 20
149 25 22
149 22 23
149 20 24
149 22 25
149 7 26
149 1 27
149 26 28
149 27 29
150 5 1
150 6 2
150 3 3
150 9 4
150 11 5
150 3 6
150 5 7
150 11 8
150 3 10
150 5 12
150 8 14
150 5 15
150 6 16
150 13 17
151 6 2
151 3 3
151 7 4
151 3 5
151 5 6
151 4 7
151 1 8
151 2 9
151 6 10
151 9 13
152 11 1
152 2 2
152 4 4
152 5 5
152 6 6
152 6 7
152 5 8
152 9 9
152 10 10
152 17 11
152 18 12
152 1 13
152 13 14
152 15 15
152 22 17
153 6 1
153 3 2
153 3 3
153 4 4
153 3 5
153 14 7
153 1 9
153 8 10
153 9 11
153 10 12
153 1 13
153 13 14
153 13 15
153 1 16
153 12 17
153 17 18
154 12 1
154 10 2
154 9 3
154 13 5
154 4 6
154 12 7
154 13 8
154 17 9
154 4 10
154 11 11
154 12 13
154 5 15
154 4 17
154 13 19
154 4 20
154 10 21
154 6 22
154 6 23
154 20 27
155 1 1
155 2 2
155 2 3
155 3 4
155 4 5
155 3 6
155 1 7
155 1 8
155 6 9
156 4 1
156 5 2
156 9 4
156 7 5
156 6 6
156 15 7
156 9 8
156 12 9
156 13 10
156 5 11
156 16 12
156 9 14
156 6 15
156 13 16
156 3 17
156 9 18
156 2 19
156 11 20
156 9 21
156 16 22
156 18 23
157 1 1
157 1 2
157 3 3
157 4 4
157 6 5
157 4 6
157 7 8
157 8 9
158 12 1
158 2 2
158 4 4
158 7 6
158 9 7
158 8 8
158 9 9
158 10 10
158 12 11
158 12 12
158 13 13
159 4 1
159 1 3
159 4 4
160 2 1
160 3 2
160 11 3
160 6 6
160 7 7
160 6 8
160 7 9
160 10 10
160 9 11
160 11 12
160 5 13
160 12 14
160 13 15
160 14 16
161 5 1
161 20 2
161 5 3
161 3 4
161 1 5
161 2 6
161 7 7
161 8 8
161 10 9
161 10 10
161 10 11
161 11 12
161 11 13
161 9 14
161 17 15
161 3 16
161 16 17
161 8 18
161 19 19
161 9 20
161 7 21
161 13 22
161 21 23
161 4 24
162 1 1
162 2 2
162 1 3
162 7 4
162 4 5
162 1 6
162 10 7
162 7 8
162 5 10
162 7 11
162 13 12
163 12 1
163 6 2
163 12 3
163 6 4
163 4 5
163 10 6
163 19 7
163 12 8
163 12 9
163 22 10
163 12 11
163 24 12
163 13 13
163 7 14
163 15 15
163 15 16
163 16 17
163 24 18
163 16 19
163 10 20
163 18 21
163 19 22
163 17 23
163 1 24
163 16 25
163 1 26
163 12 27
163 23 28
163 25 29
164 12 1
164 2 2
164 3 3
164 4 4
164 4 5
164 5 6
164 10 9
164 6 11
164 15 12
164 19 13
164 18 14
164 18 16
164 21 18
165 1 1
165 6 3
165 3 4
165 10 5
165 10 6
165 3 7
165 5 8
165 24 9
165 4 10
165 21 11
165 8 12
165 13 13
165 12 15
165 4 16
165 13 17
165 8 19
165 19 20
165 21 21
165 10 22
165 6 23
165 3 24
165 1 25
165 24 26
165 25 27
166 4 1
166 1 3
166 2 4
166 3 5
166 3 6
166 3 7
166 4 8
167 4 1
167 2 2
167 19 3
167 1 4
167 5 5
167 7 6
167 2 7
167 14 8
167 8 10
167 9 11
167 10 12
167 2 13
167 8 14
167 11 15
167 10 16
167 12 17
167 16 18
167 10 19
167 18 20
167 2 22
167 9 23
167 2 26
167 14 27
167 27 29
168 4 1
168 20 2
168 4 3
168 5 4
168 4 5
168 6 6
168 7 7
168 11 8
168 4 9
168 4 11
168 4 13
168 19 14
168 3 15
168 11 17
168 3 18
168 4 19
168 3 20
168 4 21
168 4 22
168 16 23
168 11 24
168 17 25
168 17 26
168 21 27
168 22 28
169 1 1
169 2 2
169 3 3
169 4 4
169 5 5
169 5 6
169 1 7
169 8 8
170 7 1
170 15 2
170 17 3
170 16 4
170 14 5
170 3 6
170 4 7
170 4 8
170 5 9
170 9 10
170 5 11
170 12 12
170 7 13
170 6 15
170 10 16
170 1 17
170 7 19
170 10 20
170 5 21
170 7 22
170 18 23
171 10 1
171 14 2
171 10 3
171 13 4
171 16 5
171 16 6
171 3 7
171 17 8
171 3 9
171 16 10
171 2 12
171 6 13
171 7 14
171 2 15
171 8 16
171 21 17
171 22 18
171 21 19
171 20 20
171 18 21
171 20 22
171 2 23
171 18 24
171 19 25
172 1 1
172 3 2
172 6 4
172 7 5
172 9 6
172 8 7
172 10 8
172 12 9
172 11 12
173 1 1
173 2 2
173 11 3
173 5 4
173 17 5
173 6 6
173 5 7
173 7 8
173 9 9
173 12 10
173 7 12
173 11 13
173 12 14
173 14 15
173 13 16
173 16 17
173 16 19
173 17 20
173 19 21
173 3 22
173 18 23
173 8 24
174 2 1
174 6 2
174 6 3
174 3 4
174 4 5
174 5 6
174 6 7
175 1 1
175 2 2
175 8 3
175 3 4
175 6 5
175 7 6
175 8 7
175 5 8
175 6 9
175 7 10
175 1 11
175 8 12
175 14 13
175 4 14
175 12 15
175 10 16
175 10 18
175 8 20
175 10 21
175 4 22
175 16 23
175 17 24
175 5 25
175 20 26
175 20 27
175 21 28
176 2 1
176 2 2
176 3 3
176 4 4
176 6 5
176 4 6
176 1 7
176 9 8
176 10 10
176 12 11
177 1 1
177 10 2
177 2 3
177 3 4
177 4 5
177 4 6
177 8 7
177 6 8
177 8 9
177 5 10
177 5 11
177 10 12
177 11 13
177 12 14
177 13 15
177 13 16
177 14 17
178 1 1
178 4 2
178 7 4
178 8 5
178 9 6
179 1 1
179 2 2
179 2 3
179 3 4
179 2 5
179 6 6
179 1 7
179 7 8
180 1 1
180 2 2
180 4 3
180 3 4
180 5 5
180 7 6
180 11 8
180 6 9
180 9 10
180 8 11
180 4 12
180 10 13
180 13 14
181 1 1
181 1 2
181 3 3
181 9 4
181 4 5
181 12 6
181 12 7
181 11 8
181 15 9
181 15 11
181 2 12
181 11 13
181 9 14
181 14 15
181 14 16
181 15 17
181 2 18
181 16 19
181 17 20
182 2 1
182 2 2
182 2 3
182 2 4
182 2 5
182 5 6
183 1 1
183 3 2
183 4 3
183 7 4
183 2 5
183 8 6
184 1 1
184 2 3
184 3 4
184 4 5
184 7 7
184 8 8
184 9 9
185 5 1
185 2 2
185 4 3
185 3 4
185 3 5
185 10 6
185 11 7
185 6 8
185 7 9
185 7 10
185 8 11
185 9 12
185 10 13
185 11 14
185 12 15
186 2 1
186 15 2
186 15 3
186 7 4
186 7 6
186 15 7
186 7 8
186 8 9
186 7 10
186 2 11
186 3 12
186 15 13
186 7 15
186 7 16
186 1 17
186 19 18
187 1 1
187 3 2
187 7 3
187 2 4
187 9 6
187 7 7
187 2 8
187 7 9
187 1 10
187 2 11
187 9 12
187 3 13
187 3 14
187 10 15
187 11 17
188 2 1
188 12 2
188 2 3
188 3 4
188 4 5
188 6 6
188 3 7
188 6 8
188 4 9
188 10 10
188 13 11
188 10 12
188 11 13
188 5 14
188 4 15
188 12 16
188 12 17
188 18 18
188 16 19
188 1 20
189 6 1
189 14 2
189 15 3
189 1 4
189 7 5
189 11 6
189 6 7
189 5 8
189 7 9
189 7 10
189 8 11
189 3 12
189 9 14
189 12 15
189 8 16
189 7 17
189 12 18
189 13 19
189 15 20
190 1 1
190 2 2
190 3 3
190 4 4
190 5 5
191 8 1
191 2 3
191 6 4
191 4 5
191 7 6
191 7 7
191 7 8
191 8 9
191 9 10
191 9 11
191 11 12
192 1 1
192 3 2
192 4 3
192 3 4
192 5 5
192 6 6
192 6 7
192 8 8
192 18 9
192 14 10
192 12 11
192 12 12
192 12 13
192 13 14
192 5 15
192 12 17
192 11 18
192 4 19
192 4 20
192 14 21
192 17 22
192 19 23
192 18 24
192 12 25
192 20 26
192 21 27
192 21 28
192 22 29
193 1 1
193 2 2
193 3 3
193 4 4
193 5 5
193 6 6
193 7 7
193 8 8
193 10 9
193 12 12
194 4 1
194 14 2
194 5 3
194 6 4
194 2 5
194 12 6
194 8 8
194 12 9
194 14 10
194 4 11
194 4 12
194 15 14
194 16 15
194 18 17
195 20 1
195 9 2
195 18 3
195 3 4
195 10 5
195 8 6
195 16 7
195 20 8
195 8 9
195 11 10
195 3 12
195 20 13
195 11 14
195 1 15
195 13 16
195 1 17
195 19 18
195 19 19
195 21 20
196 2 1
196 20 2
196 21 4
196 2 5
196 8 7
196 1 8
196 11 9
196 8 10
196 2 11
196 11 13
196 2 14
196 8 17
196 2 18
196 17 20
196 11 22
196 20 23
196 21 24
197 1 1
197 2 2
197 12 4
197 4 5
197 6 6
197 5 7
197 4 8
197 12 9
197 6 10
197 7 11
197 8 12
197 11 13
197 13 15
197 14 16
197 15 17
198 2 1
198 6 2
198 4 3
198 1 4
198 4 6
199 6 1
199 5 2
199 6 3
199 6 4
199 7 5
199 9 7
199 11 8
199 11 9
199 9 10
199 9 11
199 2 12
199 7 13
199 12 14
200 8 1
200 11 2
200 1 3
200 2 4
200 3 6
200 4 7
200 4 8
200 12 9
201 2 1
201 3 2
201 4 3
201 19 4
201 3 5
201 6 7
201 1 8
201 10 10
201 10 12
201 15 13
201 3 14
201 20 15
201 19 16
201 17 18
201 20 20
201 3 21
201 23 22
201 24 24
202 3 1
202 4 2
202 7 3
202 11 4
202 11 5
202 10 6
202 9 7
202 17 9
203 10 1
203 4 2
203 5 3
203 6 4
203 6 5
203 5 6
203 7 7
203 8 8
203 5 9
203 8 10
203 12 11
203 10 12
203 10 13
203 12 14
203 5 15
203 2 16
203 14 18
204 4 1
204 1 2
204 1 3
204 9 5
204 10 6
204 11 7
204 13 9
204 9 11
204 4 12
204 2 13
204 11 14
205 2 1
205 2 3
205 3 4
205 4 5
205 5 6
205 5 8
205 1 9
206 1 1
206 2 2
206 3 3
206 6 4
206 3 5
206 1 6
206 5 7
206 7 8
207 12 1
207 2 2
207 2 3
207 9 4
207 2 5
207 5 6
207 15 7
207 9 9
207 8 10
207 15 12
207 12 13
207 12 14
207 18 15
207 19 16
207 12 17
207 17 18
207 15 19
207 15 20
207 6 21
207 13 22
207 16 23
207 20 24
208 1 1
208 2 2
208 2 3
208 10 4
208 7 6
208 10 7
208 5 9
208 8 11
208 10 14
208 10 15
209 1 1
209 2 2
209 8 3
209 6 4
209 3 5
209 12 9
210 3 1
210 4 2
210 3 3
210 3 4
210 9 5
210 10 6
210 3 8
210 6 9
210 2 10
210 2 11
210 12 12
211 1 1
211 2 2
211 3 3
211 3 4
211 10 6
211 7 7
211 6 8
211 11 10
211 13 12
212 1 2
212 2 3
213 8 1
213 2 3
213 3 4
213 6 6
213 5 7
213 6 8
213 1 9
213 7 10
213 6 11
213 9 12
213 10 13
213 14 14
214 3 1
214 2 2
214 6 3
214 6 5
214 2 6
214 8 7
214 8 8
214 9 9
214 9 10
214 12 11
214 13 12
214 15 13
214 14 14
214 2 15
214 8 16
214 16 17
214 19 18
214 17 19
214 21 20
214 20 22
214 21 23
214 22 24
214 5 25
215 10 1
215 7 2
215 18 3
215 1 4
215 13 6
215 9 7
215 10 8
215 12 9
215 17 10
215 16 11
215 18 12
215 17 13
215 17 14
215 18 15
216 1 1
216 12 2
216 23 3
216 5 5
216 7 7
216 8 8
216 10 10
216 11 11
216 11 12
216 23 13
216 21 14
216 1 15
216 22 16
216 14 17
216 13 18
216 11 19
216 21 20
216 1 21
216 20 22
216 23 23
216 24 25
216 25 26
216 8 27
217 2 1
217 2 2
217 1 3
217 5 4
218 1 1
218 3 2
218 14 3
218 6 4
218 2 5
218 12 6
218 3 7
218 4 8
218 5 9
218 6 10
218 2 11
218 12 12
218 11 13
218 9 14
218 10 15
218 11 16
218 12 17
218 14 19
219 1 1
219 1 2
219 8 3
219 9 4
219 4 5
219 5 6
219 3 7
219 6 8
219 5 9
219 9 10
219 11 11
219 8 12
219 13 13
219 14 14
219 5 15
219 16 16
219 15 17
219 18 18
219 20 20
220 2 1
220 3 2
220 2 3
220 3 4
220 4 5
220 5 6
220 6 7
220 7 8
220 7 9
220 7 10
220 5 12
220 8 13
220 9 14
220 9 15
220 6 16
220 12 18
220 11 19
220 12 20
220 13 21
221 23 1
221 6 2
221 9 5
221 15 6
221 16 7
221 18 8
221 14 9
221 23 10
221 2 11
221 17 12
221 18 13
221 18 14
221 17 15
221 25 16
221 17 17
221 17 18
221 17 19
221 16 20
221 9 22
221 16 23
221 3 24
221 2 25
221 3 26
221 4 27
221 16 28
221 2 29
221 26 30
222 3 1
222 2 2
222 1 3
222 1 4
222 2 5
222 3 6
222 5 7
222 3 8
222 5 9
223 11 1
223 7 2
223 2 3
223 3 4
223 4 5
223 13 6
223 5 10
223 6 11
223 7 12
223 8 13
223 9 14
223 10 15
223 16 16
223 19 18
223 18 19
223 16 21
223 18 22
223 7 23
223 4 24
223 27 26
224 1 1
224 3 2
224 4 4
224 1 6
224 5 7
224 1 8
224 10 9
224 4 10
224 11 11
225 1 1
225 2 2
225 3 3
225 4 4
225 8 6
225 17 7
225 19 8
225 2 9
225 9 10
225 10 11
225 1 13
225 14 14
225 16 15
225 14 16
225 5 17
225 16 18
225 17 19
225 16 20
225 19 21
226 3 1
226 7 3
226 18 4
226 9 5
226 9 6
226 7 7
226 2 8
226 9 9
226 17 10
226 10 11
226 7 12
226 1 15
226 7 16
226 15 17
226 16 18
226 2 19
226 17 20
226 4 21
226 7 23
226 11 24
226 22 26
226 24 27
226 14 28
226 24 29
226 25 30
227 1 1
227 11 2
227 2 3
227 9 4
227 6 6
227 5 7
227 6 8
227 2 10
227 6 11
227 7 12
227 8 13
227 6 14
227 2 15
227 6 16
227 14 17
227 17 18
227 17 19
227 14 20
227 14 21
227 18 22
228 6 2
228 2 3
228 17 4
228 2 5
228 16 6
228 4 7
228 1 8
228 5 9
228 6 10
228 16 11
228 16 12
228 7 13
228 17 14
228 15 15
228 15 16
228 16 17
228 14 18
228 1 19
228 15 20
228 7 21
228 16 22
228 15 23
228 7 24
228 19 25
228 19 26
228 20 27
229 4 1
229 4 2
229 5 3
229 7 4
229 8 5
229 3 6
229 7 7
229 10 8
229 11 9
229 7 10
229 14 12
229 15 13
229 2 14
229 2 15
229 6 16
229 6 17
229 23 18
229 23 19
229 21 20
229 5 21
229 10 23
229 24 24
230 2 1
230 3 2
230 3 3
230 4 4
230 5 5
230 6 6
230 3 7
230 1 8
230 7 9
230 8 10
230 9 11
230 20 12
230 7 13
230 18 14
230 15 15
230 12 17
230 15 18
230 6 19
230 16 20
230 17 21
230 18 22
230 20 23
230 14 25
230 1 26
230 18 27
230 26 28
230 25 29
230 27 30
231 1 1
231 7 2
231 7 3
231 2 4
231 2 5
231 4 6
231 12 7
231 7 8
231 9 9
231 7 10
231 7 11
231 1 12
231 8 13
231 9 14
231 2 15
231 11 16
231 1 17
231 1 18
231 10 19
231 12 20
232 2 1
232 2 2
232 20 3
232 16 4
232 25 5
232 6 6
232 5 7
232 8 8
232 19 9
232 10 10
232 11 11
232 20 12
232 14 13
232 5 14
232 21 15
232 22 16
232 19 17
232 2 18
232 20 19
232 25 20
232 24 21
232 25 22
232 27 24
232 1 25
232 26 26
232 21 27
232 20 28
232 28 29
233 6 1
233 13 2
233 13 3
233 1 4
233 3 5
233 4 6
233 5 7
233 6 8
233 8 9
233 12 10
233 9 11
233 9 12
233 12 13
233 9 14
233 13 15
233 15 16
233 6 17
233 7 18
233 13 19
233 13 20
233 12 21
233 12 22
234 1 1
234 2 2
234 20 5
234 24 6
234 8 7
234 3 8
234 9 9
234 23 10
234 12 11
234 23 12
234 16 14
234 15 15
234 17 16
234 2 17
234 24 18
234 20 19
234 23 20
234 19 21
234 25 22
234 24 23
234 2 24
234 23 25
234 22 26
234 23 27
234 6 29
234 26 30
235 2 1
235 2 2
235 1 3
235 5 5
235 6 6
235 7 7
235 8 8
235 11 10
235 3 11
235 14 13
235 15 14
235 17 16
235 18 17
235 18 18
235 19 19
235 7 20
235 22 22
236 7 1
236 2 2
236 3 3
236 4 4
236 5 5
236 2 6
236 9 7
236 8 8
236 1 9
236 2 10
236 9 11
236 13 12
236 20 13
236 14 15
236 15 16
236 16 17
236 17 18
236 9 19
236 20 20
236 3 22
236 20 23
236 21 24
236 22 25
237 1 1
237 2 2
237 2 3
237 2 4
237 12 5
237 5 7
237 5 8
237 5 9
237 12 10
237 5 11
237 10 12
237 1 13
237 7 14
237 7 15
237 1 16
237 10 17
237 1 18
237 5 19
237 1 20
237 12 23
238 4 2
238 2 3
238 6 5
238 9 6
238 2 7
238 8 8
238 6 9
238 12 10
238 13 11
238 9 12
238 13 13
238 17 14
239 15 1
239 8 3
239 3 4
239 3 5
239 4 6
239 5 7
239 6 8
239 2 9
239 25 10
239 15 11
239 21 12
239 5 13
239 23 14
239 24 15
239 23 16
239 25 17
239 5 18
239 15 19
239 26 20
239 15 21
239 10 22
239 28 23
240 3 1
240 2 2
240 2 4
240 5 5
240 7 6
240 8 7
240 8 8
240 1 9
240 13 11
240 12 12
240 13 14
240 12 15
240 5 16
240 16 17
240 17 18
241 3 1
241 5 3
241 5 5
241 5 7
241 8 8
241 8 10
241 12 11
241 13 13
241 14 14
241 11 15
241 18 16
242 13 1
242 6 3
242 7 4
242 8 5
242 9 6
242 3 7
242 14 8
242 3 9
242 8 10
242 2 11
242 14 12
242 6 13
242 2 14
242 16 16
243 7 1
243 3 2
243 3 4
243 4 5
243 6 6
243 2 7
243 8 8
244 1 1
244 2 2
244 8 3
244 5 4
244 7 5
244 14 6
244 11 7
244 15 9
244 14 11
244 18 12
244 7 15
244 7 16
244 7 17
244 18 18
244 7 19
244 7 20
244 24 22
245 14 1
245 1 2
245 2 3
245 3 4
245 12 5
245 4 6
245 3 7
245 6 8
245 6 11
245 11 12
245 11 13
245 13 14
245 14 15
245 15 16
245 16 17
246 3 4
246 4 5
246 4 6
246 1 9
246 1 11
246 7 12
246 4 14
246 7 15
247 4 3
247 5 4
247 4 5
247 3 7
247 5 8
247 8 10
247 8 12
247 10 13
248 18 1
248 14 2
248 9 3
248 8 4
248 2 5
248 17 6
248 16 7
248 6 8
248 9 9
248 9 10
248 10 11
248 12 12
248 17 13
248 11 14
248 14 15
248 17 17
248 4 18
248 17 19
248 3 20
248 17 21
248 7 22
248 16 23
248 7 24
248 19 25
248 18 26
248 24 29
249 2 1
249 2 2
249 14 3
249 3 4
249 14 5
249 4 6
249 3 7
249 7 8
249 8 9
249 9 10
249 7 11
249 11 12
249 12 13
249 15 14
249 13 15
249 14 16
249 14 17
249 3 19
249 7 20
249 19 21
249 9 22
249 19 23
249 21 24
250 2 1
250 5 2
250 5 3
250 6 4
250 5 5
250 5 6
250 6 7
251 3 1
251 2 2
251 7 3
251 3 5
251 10 6
251 7 7
251 8 8
251 9 9
251 7 10
251 3 11
251 9 12
251 4 13
251 8 14
251 6 15
251 10 16
252 6 1
252 9 2
252 6 3
252 11 4
252 6 5
252 12 6
252 1 7
252 6 9
252 5 10
252 5 11
252 13 12
253 1 1
253 21 2
253 3 3
253 5 4
253 22 5
253 9 6
253 4 7
253 4 8
253 3 9
253 7 10
253 20 12
253 20 13
253 14 14
253 7 15
253 24 16
253 17 17
253 12 18
253 13 19
253 12 20
253 14 21
253 10 22
253 14 23
253 9 24
253 2 25
253 25 26
254 22 1
254 21 4
254 18 5
254 13 7
254 1 8
254 6 9
254 5 10
254 7 11
254 13 12
254 8 13
254 9 14
254 18 15
254 8 16
254 2 17
254 18 18
254 22 19
254 12 20
254 13 21
254 2 22
254 25 24
255 1 1
255 2 2
255 4 4
255 5 5
255 7 6
255 7 7
255 7 9
255 5 10
255 2 11
255 3 12
255 8 13
256 4 1
256 4 2
256 1 3
256 1 5
256 2 6
256 5 7
257 1 1
257 2 2
257 3 3
257 4 4
257 8 5
257 5 6
257 6 7
257 7 8
257 8 9
257 9 10
257 10 11
257 9 12
257 1 13
257 13 14
257 2 15
257 14 16
257 15 17
257 16 18
257 20 19
257 19 20
257 25 22
257 26 23
257 10 24
257 26 25
257 27 26
258 5 1
258 5 2
258 18 3
258 6 4
258 9 5
258 6 6
258 6 7
258 6 8
258 8 9
258 9 10
258 11 11
258 11 12
258 12 13
258 2 14
258 9 15
258 12 16
258 17 18
258 1 20
258 5 21
258 19 22
258 20 23
259 1 1
259 1 2
259 4 3
259 20 4
259 7 5
259 6 7
259 20 8
259 5 9
259 11 11
259 13 13
259 7 14
259 20 15
259 18 16
259 20 17
259 7 18
259 21 20
259 24 21
259 25 22
260 4 1
260 2 2
260 3 3
260 9 4
260 5 6
260 6 7
260 8 8
260 8 9
260 9 10
260 10 11
261 2 1
261 2 2
261 5 3
261 6 5
262 8 1
262 11 2
262 11 3
262 3 4
262 2 5
262 2 7
262 3 8
262 4 9
262 4 10
262 5 11
262 7 12
262 7 13
262 5 14
262 10 15
262 7 16
262 7 17
262 3 18
262 9 19
262 8 20
262 10 21
262 12 22
262 4 23
262 12 24
262 1 25
263 8 1
263 4 2
263 15 3
263 4 4
263 11 5
263 5 7
263 9 8
263 11 9
263 3 10
263 9 11
263 9 12
263 11 14
263 8 15
263 13 16
263 15 17
264 7 1
264 8 2
264 8 3
264 9 4
264 10 5
264 11 6
264 11 7
264 8 8
264 4 9
264 8 10
264 12 11
264 13 12
264 14 13
264 16 14
264 15 15
264 12 17
264 7 18
264 3 19
264 21 20
264 22 21
265 1 1
265 2 2
265 3 3
265 10 4
265 12 5
265 10 6
265 12 7
265 13 8
265 18 9
265 16 10
265 10 11
265 5 12
265 19 13
265 13 14
265 5 15
265 11 17
265 16 18
265 3 19
265 18 21
265 14 22
265 20 24
266 3 1
266 9 3
266 3 4
266 4 5
266 6 6
266 8 7
266 6 8
266 4 9
266 8 10
266 8 11
266 9 12
266 2 13
266 10 14
266 14 15
266 9 16
266 14 17
266 13 18
266 14 19
266 8 20
266 1 22
266 14 23
266 6 24
266 6 25
266 5 26
267 3 1
267 3 2
267 1 3
267 5 5
267 6 6
267 7 7
267 21 8
267 8 9
267 9 10
267 21 11
267 4 12
267 9 13
267 1 14
267 1 15
267 6 17
267 8 19
267 14 20
267 7 21
267 18 22
267 9 23
267 1 24
267 21 25
267 21 26
267 22 27
268 2 1
268 2 2
268 3 3
268 12 4
268 5 5
268 1 6
268 7 7
268 9 9
268 12 10
268 12 11
268 11 12
268 13 13
268 13 14
268 9 15
268 16 16
268 2 18
268 12 19
268 20 20
269 5 1
269 12 2
269 16 3
269 12 4
269 16 5
269 3 6
269 5 8
269 6 9
269 8 10
269 9 11
269 13 13
269 5 14
269 2 15
269 16 16
269 17 18
270 1 1
270 7 2
270 2 3
270 8 4
270 3 5
270 10 6
270 7 7
270 3 8
270 5 9
270 5 10
270 11 11
271 3 1
271 23 2
271 2 3
271 5 4
271 1 5
271 7 6
271 8 7
271 9 8
271 10 9
271 12 10
271 14 11
271 16 12
271 14 13
271 4 14
271 13 15
271 16 16
271 9 17
271 4 18
271 4 19
271 7 20
271 22 21
271 9 22
271 12 23
271 23 26
272 6 1
272 1 2
272 10 3
272 3 4
272 3 5
272 5 6
272 3 7
272 5 8
272 5 9
272 9 10
272 10 11
272 11 12
273 3 1
273 5 2
273 4 3
273 5 4
273 6 5
273 1 6
273 7 7
273 8 8
273 9 9
273 10 10
273 15 11
273 14 12
273 10 13
273 12 15
273 10 16
273 15 18
273 16 20
273 18 21
273 19 22
273 10 23
273 10 25
273 15 26
273 18 27
273 14 28
273 20 29
273 23 30
274 1 1
274 2 2
274 4 3
274 4 4
274 20 5
274 21 6
274 4 7
274 27 8
274 9 10
274 2 11
274 3 12
274 21 14
274 20 16
274 21 17
274 17 19
274 28 20
274 4 21
274 29 22
275 1 1
275 10 2
275 1 3
275 4 4
275 5 5
275 6 6
275 7 7
275 8 8
275 10 9
275 9 10
275 11 11
275 8 12
275 10 13
275 2 15
275 16 16
275 8 18
275 10 19
275 8 20
275 8 21
275 2 22
275 19 23
276 12 1
276 5 2
276 16 3
276 5 4
276 8 5
276 4 7
276 13 8
276 13 9
276 16 10
276 6 11
276 5 12
276 6 13
276 8 14
276 6 15
276 9 16
276 3 17
276 9 19
276 19 21
277 1 1
277 3 2
277 5 3
277 8 4
277 5 5
277 4 6
277 4 7
277 6 8
277 8 10
277 10 12
277 11 13
277 12 14
277 18 15
277 14 16
277 11 17
277 12 18
277 2 20
277 1 21
277 18 22
277 18 23
277 19 24
278 1 1
278 2 2
278 15 3
278 4 4
278 3 5
278 18 6
278 5 7
278 15 8
278 9 9
278 8 10
278 12 13
278 3 14
278 12 15
278 11 16
278 17 18
278 15 19
278 16 20
278 15 21
278 16 22
278 3 23
278 11 24
278 4 25
278 5 26
278 21 27
278 22 28
278 23 29
279 6 1
279 11 2
279 8 3
279 9 4
279 11 5
279 4 6
279 6 7
279 6 8
279 3 9
279 4 10
279 6 11
279 5 12
279 13 13
280 2 1
280 3 2
280 2 3
280 20 4
280 13 5
280 4 6
280 9 8
280 26 9
280 11 10
280 7 11
280 6 12
280 26 13
280 21 14
280 6 15
280 19 16
280 18 17
280 19 18
280 19 19
280 18 20
280 19 21
280 26 22
280 13 23
280 3 24
280 28 25
281 2 1
281 3 2
281 2 3
281 3 4
281 5 5
281 6 6
282 8 1
282 4 2
282 1 3
282 5 4
282 7 5
282 2 6
282 6 7
282 8 8
282 3 9
282 10 10
282 11 11
282 3 12
282 14 13
282 11 14
282 11 16
282 18 19
282 19 20
282 2 21
282 8 22
282 18 23
282 11 24
282 24 27
283 1 1
283 1 2
283 3 3
283 5 5
283 2 6
283 5 7
283 6 8
284 1 1
284 2 2
284 11 3
284 16 4
284 8 5
284 2 6
284 8 7
284 16 8
284 15 9
284 2 10
284 6 12
284 16 13
284 16 14
284 8 15
284 2 16
284 17 19
285 1 1
285 5 2
285 3 3
285 10 4
285 11 5
285 11 6
285 11 7
285 6 8
285 5 9
285 11 10
285 11 11
285 6 12
285 16 13
285 17 14
285 19 15
286 1 1
286 6 3
286 7 4
286 8 6
286 4 7
286 11 8
286 3 9
286 7 11
286 16 13
286 22 14
286 17 15
286 22 16
286 22 17
286 3 19
286 26 20
286 27 21
287 8 1
287 17 2
287 7 3
287 7 4
287 2 5
287 3 6
287 1 7
287 1 8
287 14 9
287 5 10
287 6 11
287 6 12
287 8 13
287 2 14
287 2 15
287 11 16
287 10 17
287 17 18
288 13 1
288 3 2
288 3 3
288 4 4
288 16 5
288 6 6
288 4 7
288 10 8
288 4 9
288 3 10
288 13 11
288 15 12
288 6 13
288 3 14
288 17 15
288 11 16
288 12 17
288 17 18
288 17 19
288 14 20
288 3 21
288 14 22
288 19 23
289 1 1
289 9 3
289 4 4
289 2 5
289 2 6
289 18 7
289 26 8
289 23 10
289 5 12
289 9 13
289 26 14
289 13 16
289 14 17
289 20 18
289 23 19
289 20 20
289 25 21
289 9 22
289 23 23
289 24 24
289 23 25
289 30 26
290 6 1
290 7 2
290 11 3
290 7 4
290 2 6
290 18 7
290 15 8
290 7 10
290 8 11
290 12 12
290 18 13
290 14 14
290 9 16
290 11 17
290 11 18
290 8 19
290 18 20
290 15 21
290 16 23
290 18 24
291 2 1
291 5 3
291 2 4
291 1 5
291 4 6
291 4 7
291 9 11
291 10 12
291 11 13
291 13 15
292 1 1
292 2 2
292 3 3
292 5 4
292 6 5
292 7 6
292 8 7
292 6 8
292 11 9
292 8 10
292 6 11
292 3 13
292 15 14
292 8 15
292 8 17
292 16 18
292 15 19
292 18 20
292 19 21
292 22 22
293 5 1
293 6 2
293 2 3
293 1 4
293 4 5
293 4 6
293 5 7
293 2 8
293 2 9
293 8 11
294 4 1
294 2 2
294 3 3
294 3 5
294 7 6
294 1 7
294 5 8
294 5 9
294 4 10
294 5 11
294 8 12
295 5 2
295 14 3
295 13 4
295 13 5
295 7 6
295 7 7
295 16 9
295 14 10
295 14 11
295 13 12
295 14 13
295 16 14
295 13 15
295 13 16
295 7 17
295 17 18
296 1 1
296 2 2
296 3 3
296 3 4
296 4 5
296 1 7
296 7 8
296 3 9
296 10 10
297 2 1
297 2 2
297 5 3
297 2 4
297 7 5
297 3 6
297 7 7
297 5 8
297 10 10
298 7 1
298 2 2
298 7 3
298 7 4
298 9 5
298 9 6
298 9 7
298 10 8
299 3 1
299 2 2
299 2 4
299 4 5
299 7 6
299 7 7
299 4 8
299 5 9
299 7 10
300 6 1
300 2 2
300 2 3
300 8 4
300 1 5
300 4 6
300 5 7
300 4 8
300 10 9
300 10 10
300 10 11
300 10 12
300 11 13
300 6 14
300 7 16
300 11 17
300 6 18
300 3 19
300 6 20
300 6 21
300 13 22
300 14 23
301 8 1
301 6 2
301 7 3
301 1 4
301 3 5
301 2 6
301 7 7
301 7 8
301 1 9
301 4 10
301 7 11
301 8 12
301 7 13
301 12 15
302 5 1
302 2 3
302 1 4
302 12 5
302 12 6
302 3 7
302 11 8
302 21 10
302 22 11
302 7 14
302 20 15
302 8 16
302 22 18
303 4 1
303 2 2
303 3 3
303 18 4
303 5 5
303 3 6
303 6 7
303 5 8
303 1 9
303 2 10
303 4 11
303 7 12
303 8 13
303 8 14
303 13 15
303 2 17
303 2 18
303 10 19
303 17 20
303 17 21
303 18 22
303 5 23
303 21 25
304 6 1
304 5 3
304 5 4
304 5 5
304 1 6
304 5 7
304 1 8
304 7 9
305 2 1
305 8 4
305 11 5
305 11 6
305 10 7
305 7 8
305 9 9
305 2 10
305 1 11
305 3 12
305 1 13
305 12 14
306 11 1
306 3 4
306 4 5
306 9 6
306 4 7
306 11 8
306 7 10
306 11 11
306 6 12
306 4 13
306 4 15
306 14 17
307 1 1
307 2 2
307 3 3
307 5 5
308 3 1
308 3 2
308 3 3
308 5 4
308 5 5
309 1 1
309 2 2
309 3 3
309 5 5
309 6 6
309 7 7
309 8 8
309 3 9
309 4 10
309 5 12
309 1 13
309 15 14
309 16 15
310 3 3
310 6 4
310 4 5
310 5 6
310 6 7
310 7 8
310 8 9
310 9 10
310 12 11
310 6 12
310 6 13
310 11 14
310 10 15
310 1 16
311 1 2
311 7 3
311 8 4
311 9 5
311 9 6
311 10 7
312 17 1
312 9 4
312 1 5
312 4 6
312 9 7
312 13 8
312 12 9
312 15 10
312 1 11
312 8 12
312 13 13
312 9 14
312 15 16
312 14 17
312 9 18
312 4 19
312 19 20
313 4 1
313 4 2
313 14 3
313 9 4
313 4 5
313 10 6
313 9 7
313 8 8
313 14 9
313 9 10
313 10 11
313 15 12
313 9 13
313 9 14
313 17 15
314 3 1
314 1 2
314 2 3
314 11 4
314 4 5
314 5 6
314 2 7
314 11 8
314 8 9
314 9 10
314 2 11
314 11 12
314 16 13
314 12 14
314 13 15
314 3 16
314 10 18
314 17 19
314 10 20
314 17 21
314 18 22
315 4 1
315 5 2
315 3 3
315 2 4
315 9 5
315 2 6
315 3 7
315 6 8
315 9 9
315 9 10
315 14 11
315 9 12
315 8 13
315 14 14
315 15 15
315 16 16
315 9 18
315 5 19
315 14 20
315 11 21
315 7 22
315 14 23
315 1 24
316 5 1
316 7 2
316 3 4
316 8 5
316 5 6
316 11 7
316 5 8
316 5 9
316 9 10
316 12 11
316 2 13
316 15 14
317 1 1
317 4 3
317 18 4
317 6 5
317 7 6
317 3 8
317 10 9
317 7 10
317 12 11
317 6 13
317 10 14
317 10 15
317 9 16
317 19 17
317 20 18
318 1 1
318 2 2
318 3 3
318 7 4
318 4 5
318 7 8
319 1 1
319 2 2
319 3 3
319 1 4
319 18 6
319 13 8
319 13 9
319 15 10
319 3 11
319 18 12
319 19 13
319 3 14
319 19 15
319 13 16
319 9 17
319 3 18
319 1 19
319 12 20
319 21 21
320 5 1
320 5 2
320 23 3
320 17 4
320 9 5
320 8 6
320 7 7
320 8 8
320 9 9
320 11 10
320 8 11
320 13 12
320 13 13
320 14 14
320 16 16
320 9 17
320 11 18
320 18 19
320 8 20
320 13 21
320 13 22
320 14 23
320 23 25
320 9 26
320 5 27
320 26 29
320 28 30
321 1 1
321 2 2
321 8 3
321 2 4
321 3 5
321 4 6
321 4 8
321 9 10
321 10 12
321 2 13
321 15 14
321 1 15
321 15 16
321 9 17
321 10 19
321 17 20
321 23 21
321 24 22
321 25 23
322 1 1
322 10 2
322 3 3
322 9 4
322 9 5
322 23 6
322 10 7
322 3 8
322 4 9
322 8 13
322 12 14
322 12 15
322 9 16
322 2 18
322 15 19
322 16 20
322 8 21
322 9 22
322 10 23
322 21 24
322 5 26
322 2 27
322 10 28
322 1 29
322 26 30
323 4 1
323 3 3
323 11 4
323 2 5
323 8 6
323 3 7
323 4 8
323 6 9
323 7 10
323 8 11
323 10 12
323 9 13
323 10 14
323 11 15
324 1 1
324 13 2
324 10 3
324 3 4
324 4 5
324 8 6
324 5 7
324 3 8
324 4 9
324 4 10
324 5 11
324 12 12
324 10 13
324 13 15
324 11 16
324 5 17
324 1 18
324 4 19
324 13 20
324 10 21
324 16 22
324 13 23
324 2 24
324 3 25
324 9 26
324 17 27
325 1 1
325 2 2
325 2 3
325 5 4
325 12 5
325 10 7
325 11 8
325 13 9
325 2 10
325 14 11
325 6 12
325 19 14
326 1 1
326 7 2
326 2 3
326 3 4
326 2 7
326 8 8
326 10 9
326 9 10
326 7 11
326 14 14
326 15 16
326 18 17
326 4 18
326 13 20
326 18 21
326 4 22
326 15 23
326 18 24
326 18 25
326 2 26
326 2 27
326 18 28
327 9 1
327 1 3
327 10 5
327 5 6
327 6 7
327 7 8
327 8 9
327 7 10
327 3 11
327 3 12
327 10 13
327 10 14
327 12 15
327 12 16
327 13 17
327 12 18
327 14 20
327 15 21
328 1 1
328 3 2
328 2 3
328 3 4
328 8 5
328 5 6
328 6 7
328 8 8
328 7 9
328 8 10
329 1 1
329 2 2
329 3 3
329 3 4
329 1 5
329 3 6
329 6 7
329 9 8
329 9 9
329 2 11
329 1 12
329 1 13
329 8 14
329 7 15
329 6 16
330 20 1
330 4 2
330 3 3
330 5 4
330 6 5
330 13 6
330 8 7
330 9 8
330 2 9
330 12 10
330 20 13
330 12 14
330 11 15
330 7 16
330 9 18
330 7 19
330 9 21
330 7 22
330 1 24
330 19 25
330 20 26
330 22 27
331 6 1
331 5 3
331 3 4
331 5 5
331 2 6
331 6 8
332 2 1
332 3 2
332 4 3
332 5 4
332 9 5
332 6 6
332 8 7
332 7 8
332 11 10
333 1 2
333 3 3
333 4 4
333 8 5
333 8 6
333 11 7
333 13 8
333 5 9
333 3 10
333 10 11
333 15 12
333 5 13
333 20 14
333 7 15
333 5 16
333 19 17
333 21 18
334 4 1
334 3 2
334 4 3
334 4 4
334 8 5
334 16 6
334 7 7
334 4 8
334 3 9
334 10 10
334 1 11
334 16 13
334 10 14
334 13 15
334 17 16
335 3 1
335 4 2
335 1 3
335 2 4
335 12 6
335 6 7
335 14 8
335 2 9
335 6 10
335 8 11
335 7 12
335 1 13
335 9 14
335 15 15
336 4 1
336 9 2
336 4 3
336 5 4
336 6 5
336 4 6
336 6 7
336 1 8
336 1 9
336 11 10
337 7 1
337 7 2
337 10 3
337 9 4
337 5 6
337 6 7
337 11 8
337 5 9
337 3 10
337 7 11
337 5 13
337 16 14
337 17 15
337 5 16
337 17 17
337 2 18
337 3 19
337 4 20
337 18 21
338 13 1
338 2 2
338 2 3
338 3 4
338 12 5
338 6 6
338 7 7
338 8 9
338 16 10
338 9 11
338 9 12
338 10 13
338 10 14
338 14 15
338 15 16
338 21 17
338 16 20
338 17 21
338 18 22
338 24 23
339 8 1
339 8 2
339 12 3
339 1 4
339 2 5
339 3 6
339 5 7
339 4 8
339 6 9
339 7 10
339 9 11
339 1 12
339 11 13
339 11 14
339 12 15
339 4 16
339 4 17
339 14 18
339 15 19
339 16 20
339 18 21
339 12 22
339 19 23
339 18 24
339 21 25
340 1 1
340 1 2
340 4 3
340 3 4
340 7 5
340 9 6
341 1 1
341 3 2
341 2 3
341 5 4
341 4 5
341 6 6
341 15 7
341 17 8
341 13 9
341 8 10
341 5 11
341 13 12
341 2 13
341 6 15
341 17 16
341 5 17
341 12 18
341 20 19
342 1 1
342 1 3
342 1 4
342 3 6
342 5 7
342 7 9
343 1 1
343 1 2
343 2 3
343 2 4
343 6 5
343 3 7
343 5 8
343 6 9
344 1 2
344 2 3
344 2 4
345 4 1
345 11 2
345 20 3
345 7 5
345 2 6
345 5 8
345 2 9
345 5 10
345 1 12
345 11 13
345 15 14
345 18 15
345 2 16
345 2 17
345 13 18
345 5 19
345 11 22
345 20 23
345 15 24
345 7 25
345 20 26
345 22 29
346 1 1
346 11 2
346 4 3
346 11 4
346 4 5
346 9 6
346 11 8
347 4 1
347 15 2
347 4 3
347 5 4
347 13 5
347 6 6
347 2 7
347 4 8
347 4 9
347 14 10
347 2 11
347 4 12
347 10 13
347 9 14
347 11 15
347 11 16
347 4 17
347 15 18
347 9 20
347 13 21
347 18 22
348 2 1
348 3 2
348 15 4
348 9 5
348 13 7
348 14 8
348 15 9
349 2 1
349 9 2
349 8 4
349 8 5
349 7 6
349 8 7
349 2 8
349 6 9
349 8 10
349 20 12
349 8 15
349 2 16
349 16 17
349 13 18
349 2 19
349 9 21
349 6 22
349 8 23
349 8 25
349 17 27
349 23 28
350 2 1
350 2 2
350 3 3
350 4 4
350 5 5
350 4 6
350 21 7
350 12 8
350 13 9
350 12 10
350 12 11
350 13 12
350 11 13
350 3 14
350 19 15
350 20 16
350 21 17
350 18 19
350 20 20
350 24 21
350 29 23
350 13 24
350 29 26
351 1 1
351 5 3
351 4 4
351 8 6
352 1 1
352 2 2
352 5 5
352 6 6
352 7 7
352 18 8
352 8 10
352 6 11
352 16 13
352 12 14
352 18 15
352 6 17
352 6 18
352 5 20
352 18 22
353 1 1
353 3 2
353 13 3
353 3 4
353 9 6
353 10 7
353 8 8
353 17 10
353 15 12
353 13 13
353 18 14
354 6 1
354 3 2
354 8 3
354 3 4
354 5 5
354 1 6
354 7 7
354 8 8
355 10 1
355 5 3
355 13 4
355 9 5
355 5 6
355 4 7
355 9 9
355 5 10
355 7 11
355 7 12
355 5 13
355 13 15
355 6 16
355 15 17
355 5 18
355 14 19
355 15 20
355 16 21
356 5 1
356 6 2
356 1 4
356 2 5
356 3 6
356 8 7
356 9 8
356 10 9
356 11 10
356 12 11
356 13 12
356 14 13
356 5 14
356 14 15
356 15 16
357 1 1
357 12 2
357 3 3
357 3 4
357 3 5
357 16 6
357 4 7
357 6 8
357 9 9
357 7 10
357 8 11
357 10 12
357 16 13
357 10 15
357 11 16
357 6 17
357 7 18
357 16 19
357 17 20
358 5 1
358 1 2
358 16 3
358 4 4
358 6 5
358 13 6
358 10 7
358 10 8
358 1 10
358 10 11
358 10 12
358 11 13
358 7 15
358 16 16
358 6 17
358 7 18
358 8 19
358 9 20
358 13 21
358 17 22
358 16 23
358 16 24
358 8 25
358 12 26
358 7 27
358 19 29
359 1 1
359 2 2
359 3 3
359 4 4
359 5 5
359 5 6
359 8 7
359 10 8
359 11 9
359 9 10
359 18 12
359 18 13
359 10 14
359 17 15
359 22 16
360 12 1
360 13 2
360 4 3
360 10 4
360 1 5
360 1 6
360 8 7
360 10 8
360 10 9
360 12 10
360 13 11
360 1 12
360 13 13
360 13 14
360 13 15
360 10 16
360 14 17
361 1 1
361 3 2
361 3 3
361 4 4
361 9 5
361 6 6
361 19 7
361 8 8
361 4 9
361 13 10
361 6 11
361 9 12
361 10 13
361 12 14
361 11 15
361 13 16
361 14 17
361 14 19
361 4 20
361 19 21
361 9 22
361 4 23
361 16 24
361 17 25
361 16 26
361 20 27
361 22 29
362 10 1
362 1 2
362 1 3
362 10 4
362 13 5
362 1 6
362 8 7
362 1 8
362 1 9
362 3 10
362 9 11
362 8 12
362 3 13
362 15 14
363 2 1
363 3 2
363 4 3
363 9 4
363 10 5
363 9 6
363 9 7
363 10 8
364 2 1
364 3 2
364 10 3
364 10 4
364 10 5
364 7 7
364 6 8
364 7 9
364 1 10
364 9 11
364 10 12
365 4 1
365 6 2
365 4 3
365 5 4
365 2 5
365 9 6
365 5 7
365 11 8
365 5 9
365 10 10
365 11 12
365 12 13
365 13 14
365 14 15
366 1 1
366 3 2
366 2 3
366 3 4
366 6 6
366 7 7
366 8 8
367 2 2
367 6 3
367 8 4
367 2 5
367 1 6
367 1 7
367 2 9
367 5 10
367 1 11
367 1 12
367 6 13
367 7 14
367 8 15
368 1 1
368 11 2
368 2 3
368 3 4
368 1 5
368 8 6
368 15 8
368 9 9
368 11 10
368 3 11
368 1 12
368 17 13
368 15 14
368 13 15
368 18 16
368 13 17
368 12 18
368 14 19
368 15 20
368 16 21
368 19 22
369 1 1
369 4 2
369 2 3
369 3 4
369 5 5
369 1 6
369 6 7
369 7 8
369 7 9
369 11 11
370 1 1
370 1 2
370 1 3
370 4 5
370 4 6
370 4 7
370 4 8
370 3 9
370 9 11
370 4 12
370 9 13
371 2 2
372 6 1
372 2 2
372 4 3
372 4 5
372 2 6
372 8 7
372 4 9
372 3 10
373 1 1
373 3 2
373 4 3
373 1 4
373 10 5
373 7 6
373 3 7
373 13 8
373 4 9
373 10 10
373 17 11
373 8 13
373 13 15
373 8 16
373 16 17
373 15 18
373 14 19
373 15 20
373 7 21
373 15 22
373 17 23
374 4 1
374 12 2
374 2 3
374 18 4
374 7 5
374 4 6
374 4 7
374 9 8
374 9 9
374 9 10
374 7 11
374 10 13
374 9 14
374 9 15
374 22 16
374 10 17
374 14 18
374 16 19
374 18 20
374 16 21
374 23 22
374 26 23
374 24 24
374 25 25
374 26 26
374 27 27
374 28 28
375 7 1
375 5 2
375 11 3
375 8 4
375 6 6
375 16 7
375 8 8
375 11 9
375 8 10
375 11 13
375 15 14
375 8 16
375 12 18
375 8 19
375 15 20
375 12 21
375 17 22
376 1 1
376 12 3
376 3 4
376 4 5
376 5 6
376 6 7
376 4 8
376 12 9
376 11 10
376 7 11
376 10 12
376 10 13
376 7 14
376 4 15
376 9 16
376 13 17
377 1 1
377 1 2
377 5 3
377 2 4
377 1 5
377 2 6
377 2 7
377 5 9
378 1 1
378 4 2
378 2 3
378 6 4
378 3 5
378 5 6
378 2 7
378 6 8
379 1 1
379 1 2
379 5 3
379 3 4
379 7 5
379 9 6
379 16 7
379 10 8
379 10 9
379 7 10
379 23 11
379 13 12
379 14 13
379 7 14
379 3 15
379 23 16
379 19 17
379 7 18
379 24 19
379 7 20
379 22 21
379 23 22
379 23 23
379 24 24
380 7 1
380 14 3
380 18 4
380 20 5
380 20 6
380 3 8
380 5 10
380 3 11
380 11 12
380 5 13
380 5 14
380 22 15
380 22 17
380 3 18
380 12 19
380 23 20
381 6 1
381 8 2
381 8 3
381 6 4
381 8 6
381 6 7
381 5 8
381 5 9
381 6 10
381 3 11
381 9 12
381 10 14
381 13 16
382 4 1
382 10 2
382 3 3
382 1 4
382 5 5
382 5 6
382 3 7
382 8 8
382 1 9
382 3 10
382 1 11
382 11 12
382 3 14
382 11 15
383 1 1
383 1 2
383 3 4
383 4 5
383 5 6
383 6 7
383 7 8
383 5 9
383 10 10
383 10 11
383 9 12
383 10 13
383 7 14
383 12 15
383 13 16
384 8 1
384 8 3
384 6 4
384 2 5
384 1 7
384 3 9
384 7 10
385 3 1
385 2 2
385 3 3
385 4 4
385 3 5
385 5 7
386 25 1
386 18 2
386 2 3
386 3 4
386 1 5
386 7 6
386 3 7
386 11 9
386 13 10
386 3 11
386 15 12
386 10 13
386 17 14
386 18 15
386 19 16
386 19 17
386 20 18
386 1 19
386 20 20
386 24 21
386 23 22
386 14 23
386 25 24
386 1 25
386 27 26
386 28 27
387 9 1
387 15 2
387 7 3
387 1 4
387 3 5
387 4 6
387 3 9
387 1 10
387 7 11
387 8 12
387 9 13
387 13 14
387 12 17
387 9 18
387 13 19
387 15 20
387 16 21
387 16 22
387 16 23
387 20 24
387 20 25
387 9 26
387 19 27
387 21 28
388 1 1
388 2 2
388 5 3
388 3 4
388 6 5
388 11 6
388 8 7
388 7 8
388 5 9
388 11 10
388 11 11
388 12 12
388 11 13
388 11 14
388 12 15
388 13 16
388 14 17
388 12 18
388 6 20
388 15 21
388 17 22
389 2 1
389 2 2
389 17 3
389 5 4
389 3 5
389 6 6
389 3 7
389 7 8
389 7 9
389 4 10
389 9 11
389 10 12
389 13 13
389 12 14
389 4 15
389 10 17
389 1 18
389 18 19
389 2 20
389 20 21
390 2 1
390 6 2
390 2 3
390 3 4
390 4 5
390 4 6
390 5 7
390 3 8
390 16 9
390 11 10
390 11 12
390 16 13
390 7 14
390 8 15
390 11 16
390 16 17
390 9 18
390 9 19
390 9 20
390 20 21
390 19 22
390 12 23
390 4 24
390 17 25
390 16 26
390 20 27
390 1 29
391 1 1
391 3 2
391 1 3
391 3 4
391 8 5
391 4 6
391 5 7
391 9 9
391 9 10
391 10 11
391 10 13
391 11 14
391 12 15
391 14 16
392 1 1
392 2 2
392 3 3
392 4 4
392 4 5
392 3 6
392 11 7
392 7 8
392 2 9
392 4 10
392 4 11
392 10 13
392 11 14
392 12 15
392 14 16
392 7 17
392 11 18
392 4 19
392 17 20
393 12 1
393 1 2
393 6 3
393 1 4
393 9 5
393 10 6
393 11 7
393 6 8
393 11 9
393 6 10
393 10 11
393 7 12
393 2 13
393 3 14
393 3 15
393 5 16
393 1 17
393 12 18
393 10 19
393 7 20
393 12 21
394 7 1
394 16 2
394 2 3
394 3 4
394 4 5
394 7 7
394 8 8
394 9 9
394 25 10
394 3 11
394 11 12
394 11 13
394 25 14
394 25 15
394 10 16
394 22 18
394 13 19
394 5 20
394 24 21
394 15 22
394 11 23
394 30 25
395 1 1
395 2 2
395 6 3
395 9 4
395 4 6
395 5 7
395 7 8
395 6 9
395 7 10
395 6 11
395 1 12
395 9 13
395 15 14
395 17 15
395 15 16
395 4 17
395 9 18
395 17 19
395 1 20
395 6 21
395 13 22
395 1 23
395 14 24
395 15 25
395 14 26
395 9 27
395 14 28
395 18 29
396 3 1
396 3 2
396 4 3
396 1 4
396 4 6
396 7 7
396 11 9
397 1 1
397 4 3
397 2 4
397 14 5
397 3 6
397 8 7
397 9 9
397 4 10
397 2 11
397 11 12
397 6 13
397 10 14
397 14 16
398 1 1
398 3 2
398 2 3
398 4 4
398 2 5
398 2 6
398 4 7
398 5 8
398 4 9
398 7 11
399 15 1
399 6 2
399 6 3
399 6 4
399 11 5
399 9 6
399 9 7
399 8 8
399 3 9
399 12 10
399 1 11
399 3 12
399 11 13
399 13 14
399 12 15
399 14 16
399 12 17
399 11 18
399 17 19
399 16 20
399 23 21
399 20 23
399 23 24
399 22 25
399 11 26
399 27 27
399 17 28
399 29 29
400 1 1
400 7 2
400 4 3
400 7 4
400 5 5
400 1 6
400 2 7
400 8 8
400 4 9
400 7 10
400 6 11
400 7 12
400 8 13
401 13 1
401 3 2
401 4 3
401 5 4
401 1 5
401 7 6
401 8 7
401 5 8
401 9 9
401 1 10
401 11 12
401 13 13
401 1 14
401 16 15
401 20 17
401 17 18
401 17 19
401 16 20
401 1 21
401 18 22
401 1 23
401 1 24
401 21 26
402 1 1
402 3 2
402 2 3
402 12 4
402 3 5
402 4 6
402 3 8
402 5 9
402 2 10
402 10 11
402 8 12
402 10 13
402 12 14
403 9 1
403 4 2
403 3 3
403 9 4
403 2 5
403 5 6
403 6 7
403 7 8
403 8 9
403 11 10
403 9 11
403 6 12
403 5 13
403 11 14
403 7 15
403 8 16
403 14 17
404 1 1
404 1 2
404 4 3
404 2 4
404 4 5
404 8 6
404 2 7
404 7 8
404 8 9
405 4 1
405 4 2
405 4 3
405 2 4
405 3 5
405 9 6
405 5 7
405 6 8
405 7 9
405 9 11
405 10 12
405 4 13
405 11 14
405 13 15
405 13 16
405 13 17
405 1 18
405 7 20
405 15 21
405 17 22
406 4 1
406 1 2
406 1 3
406 1 4
406 1 5
406 2 6
406 4 7
407 1 1
407 3 2
407 8 4
407 8 7
408 1 1
408 2 2
408 6 3
408 3 4
408 6 5
408 4 6
408 14 7
408 12 8
408 13 9
408 14 10
408 15 11
408 16 12
408 17 13
408 6 14
408 18 15
408 20 16
409 1 1
409 3 2
409 3 3
409 18 4
409 8 5
409 5 6
409 8 8
409 5 9
409 11 10
409 12 11
409 13 12
409 14 13
409 16 15
409 17 16
409 5 17
409 18 18
409 9 19
409 22 20
409 14 21
410 1 1
410 2 2
410 6 3
410 7 4
410 18 5
410 7 6
410 7 7
410 3 8
410 3 9
410 10 11
410 10 12
410 11 13
410 4 15
410 12 16
410 14 17
410 18 18
410 4 19
410 15 20
410 16 21
410 17 22
410 17 23
410 18 24
410 14 25
410 18 26
410 4 27
410 24 29
411 7 1
411 5 2
411 1 3
411 12 4
411 5 5
411 11 6
411 13 7
411 2 8
411 12 9
411 4 10
411 14 11
411 13 12
411 12 13
411 6 14
411 14 15
411 9 17
411 9 18
411 10 19
411 13 20
411 15 21
411 14 22
411 3 23
411 2 24
411 15 25
411 16 26
412 2 1
412 9 2
412 19 3
412 14 4
412 4 5
412 4 6
412 16 7
412 6 8
412 6 9
412 10 10
412 10 11
412 11 12
412 13 13
412 7 14
412 5 15
412 16 16
412 14 17
412 7 18
412 3 19
412 19 20
412 4 21
412 3 22
412 24 24
413 8 1
413 1 2
413 5 3
413 1 4
413 10 6
413 10 7
413 5 8
413 6 10
413 11 11
413 10 12
413 4 13
413 12 14
414 4 1
414 5 2
414 3 3
414 15 4
414 15 5
414 1 7
414 4 8
414 16 9
414 16 10
414 3 11
414 6 12
414 15 14
414 4 16
414 4 18
414 15 19
414 3 20
414 4 21
414 4 22
414 9 23
414 18 25
415 1 1
415 3 2
415 2 3
415 4 4
415 5 5
415 6 6
415 7 7
415 7 8
415 6 9
415 8 10
415 6 11
415 4 12
415 8 13
415 17 15
416 12 1
416 14 2
416 1 3
416 12 4
416 15 5
416 15 6
416 12 7
416 6 8
416 8 9
416 7 10
416 21 11
416 11 12
416 12 13
416 13 14
416 14 15
416 1 16
416 14 17
416 10 18
416 10 19
416 6 20
416 6 22
416 15 23
416 6 24
416 16 25
416 17 26
416 21 27
416 6 28
416 14 29
416 27 30
417 8 1
417 2 2
417 4 4
417 4 5
417 11 6
417 16 8
417 11 9
417 17 10
417 15 12
417 16 14
417 11 15
417 19 16
417 16 17
417 4 19
417 18 20
417 19 21
417 7 23
417 16 24
417 22 25
417 23 26
418 1 1
418 2 2
418 19 3
418 4 4
418 20 5
418 8 6
418 12 7
418 8 8
418 7 9
418 8 10
418 6 11
418 4 12
418 9 13
418 13 14
418 15 15
418 14 16
418 12 17
418 14 18
418 8 19
418 20 20
418 21 21
419 1 1
419 2 2
419 4 3
419 5 4
419 6 5
419 3 6
419 3 7
419 3 8
419 6 9
419 2 11
419 4 12
419 10 13
419 10 14
419 11 15
419 12 16
420 1 1
420 2 2
420 4 3
420 3 4
420 13 5
420 5 6
420 5 7
420 2 8
420 19 9
420 21 11
420 2 12
420 8 13
420 12 14
420 13 15
420 14 16
420 18 17
420 18 18
420 15 19
420 18 20
420 15 21
420 13 23
420 8 24
420 19 25
420 2 26
420 20 27
420 3 28
420 15 29
420 23 30
421 2 1
421 3 2
421 13 3
421 5 4
421 6 5
421 11 8
421 6 9
421 8 10
421 13 11
421 14 13
421 15 14
422 2 1
422 9 2
422 2 3
422 3 4
422 4 5
422 4 6
422 5 7
422 5 8
422 8 9
422 5 10
422 8 11
422 9 12
422 10 13
422 11 14
422 12 15
422 12 16
422 1 17
423 2 1
423 2 3
423 3 4
423 5 5
423 4 6
423 4 7
423 6 8
423 6 9
423 6 10
423 6 11
423 5 12
423 8 13
423 1 15
424 3 1
424 1 2
424 1 3
424 4 4
424 1 5
424 3 6
424 4 7
424 1 8
424 5 9
424 6 10
424 12 11
424 14 12
424 11 13
424 13 14
424 7 15
424 13 16
424 13 17
424 15 18
424 14 19
424 19 21
424 1 22
424 14 23
424 4 24
424 7 25
424 14 26
424 15 28
424 23 29
424 27 30
425 1 1
425 2 2
425 3 3
425 4 4
425 5 5
425 5 6
425 5 7
425 15 8
425 8 9
425 9 10
425 6 11
425 3 12
425 15 13
425 16 15
425 15 16
425 6 17
425 3 18
425 19 19
425 3 20
425 17 21
425 19 23
425 21 24
426 1 1
426 2 2
426 3 3
426 4 4
426 4 5
426 6 6
426 7 8
426 12 9
426 14 10
426 13 11
426 14 12
426 12 13
426 15 14
426 7 15
426 15 16
426 7 18
426 12 19
426 10 21
426 20 22
427 1 1
427 2 2
427 2 3
427 3 4
427 4 6
427 6 7
428 6 1
428 9 2
428 8 3
428 9 4
428 12 5
428 11 6
428 11 7
428 12 8
428 12 10
428 4 11
428 16 12
428 12 13
428 9 14
428 8 15
428 7 16
428 7 17
428 6 18
428 8 19
428 11 20
428 8 21
428 5 22
428 17 25
429 8 1
429 2 2
429 3 3
429 4 4
429 5 5
429 1 6
429 7 7
429 5 8
429 7 9
429 10 10
429 3 11
429 10 12
429 5 13
429 7 14
429 11 15
429 12 16
429 13 17
430 1 1
430 4 2
430 3 3
430 4 4
430 5 5
430 6 6
430 2 7
430 3 8
430 3 9
430 8 10
430 11 11
430 4 12
430 2 13
430 3 14
430 14 15
430 17 16
431 6 1
431 6 2
431 6 3
431 6 4
431 5 5
431 5 6
431 5 7
431 1 8
431 9 9
431 8 10
431 8 11
431 10 12
432 3 2
432 4 3
432 5 4
433 1 1
433 4 2
433 3 3
433 14 4
433 5 5
433 7 6
433 16 7
433 14 8
433 16 9
433 11 10
433 10 11
433 11 12
433 16 13
433 11 14
433 10 16
433 14 17
433 2 18
433 14 19
433 17 20
434 22 1
434 14 2
434 3 3
434 17 4
434 14 5
434 11 6
434 9 7
434 15 8
434 6 9
434 1 10
434 8 11
434 9 12
434 10 13
434 11 14
434 12 16
434 15 17
434 4 18
434 12 19
434 5 20
434 9 21
434 1 22
434 20 23
434 9 24
434 22 25
434 23 26
434 24 27
435 1 1
435 1 2
435 16 3
435 4 4
435 12 5
435 5 6
435 3 7
435 4 8
435 5 9
435 6 10
435 7 11
435 9 12
435 2 13
435 1 14
435 11 15
435 12 16
435 13 17
435 5 18
435 16 19
435 5 20
435 9 22
435 10 23
435 20 24
435 21 25
435 22 26
436 1 1
436 2 3
436 6 4
436 7 5
436 3 6
436 4 7
436 3 8
436 9 9
436 9 10
436 10 11
436 2 12
436 8 13
436 6 14
436 14 15
436 8 16
436 17 17
437 2 1
437 8 2
437 2 3
437 3 4
437 4 5
437 5 6
437 6 7
437 7 8
437 8 9
437 9 10
437 10 11
437 5 12
437 6 14
437 14 15
437 17 16
437 17 17
437 17 18
437 1 19
438 2 1
438 2 2
438 3 3
438 5 4
438 4 5
438 10 6
438 5 7
438 10 8
438 8 9
438 1 10
438 11 11
438 14 12
438 4 13
438 14 14
439 1 1
439 3 2
439 4 3
439 5 4
439 8 5
439 7 6
439 16 7
439 10 8
439 2 9
439 7 10
439 8 11
439 8 13
439 10 14
439 11 15
439 15 16
439 4 17
439 15 18
439 16 19
440 2 1
440 13 2
440 2 3
440 3 4
440 9 5
440 11 6
440 12 8
440 13 9
440 15 10
440 14 11
440 4 12
440 20 13
440 6 14
440 1 16
441 12 2
441 2 3
441 7 4
441 6 5
441 16 6
441 6 7
441 8 8
441 2 9
441 18 10
441 18 11
441 2 12
441 11 13
441 13 14
441 8 15
441 2 17
441 2 18
441 18 19
441 19 20
442 2 1
442 4 2
442 2 3
442 3 4
442 4 5
442 8 6
442 6 7
442 4 8
442 8 9
442 10 10
442 6 11
442 8 12
442 6 14
442 1 16
443 1 1
443 25 2
443 3 3
443 4 4
443 23 6
443 8 7
443 9 8
443 10 9
443 22 10
443 12 11
443 21 12
443 14 13
443 8 14
443 22 15
443 17 16
443 29 17
443 18 18
443 22 19
443 17 20
443 22 22
443 23 23
443 25 25
443 23 26
443 27 27
443 28 28
443 29 29
444 7 1
444 21 3
444 4 4
444 5 5
444 7 6
444 4 8
444 1 9
444 12 10
444 12 11
444 7 12
444 1 13
444 17 15
444 7 17
444 20 18
444 21 19
444 1 20
444 23 21
444 21 22
444 7 23
444 17 24
444 26 25
445 5 1
445 2 2
445 3 3
445 3 4
445 2 5
445 5 6
445 5 7
445 6 8
445 6 9
445 7 10
445 9 11
445 8 12
445 2 13
445 9 14
445 9 15
445 10 16
446 1 1
446 2 2
446 2 3
446 2 4
446 4 5
446 6 6
446 3 7
446 7 9
