0 1 1
0 2 2
1 1 1
1 2 2
2 1 1
2 2 2
2 3 3
2 3 4
3 1 1
3 2 2
3 3 3
3 3 4
4 1 1
4 2 2
4 3 3
4 3 4
5 1 2
5 2 3
5 4 4
5 5 5
5 15 6
5 4 8
5 2 9
5 8 10
5 9 11
5 9 12
5 19 13
5 12 14
5 13 15
5 13 16
5 8 17
5 15 19
5 18 22
5 18 23
5 19 24
5 20 25
6 1 2
7 1 2
8 1 1
8 2 2
8 3 4
8 4 5
8 5 6
8 5 7
8 5 8
8 8 9
8 9 10
8 10 11
8 11 13
8 12 14
8 12 15
8 13 16
9 2 1
9 1 2
9 3 4
9 3 5
9 4 6
9 3 7
9 5 8
9 6 9
9 7 10
9 9 12
9 7 13
9 11 15
9 2 16
9 13 17
9 14 19
10 1 1
10 2 2
11 3 1
11 9 2
11 9 3
11 5 4
11 7 5
11 14 6
11 10 7
11 11 8
11 11 9
11 10 11
11 15 12
11 18 13
11 12 15
11 9 16
11 6 17
11 9 18
12 1 1
12 11 2
12 1 3
12 19 4
12 7 5
12 16 6
12 6 7
12 20 8
12 8 9
12 10 10
12 13 12
12 15 13
12 12 14
12 11 15
12 18 16
12 7 17
12 20 18
12 12 19
12 21 20
12 24 21
13 11 1
13 11 2
13 7 4
13 9 5
13 13 6
13 12 7
13 7 8
13 23 9
13 17 10
13 21 12
13 12 13
13 20 14
13 13 15
13 24 17
14 4 1
14 2 2
14 1 3
14 4 4
15 1 1
15 2 2
16 1 1
16 6 2
16 6 3
16 15 4
16 6 5
16 5 6
16 7 7
16 8 8
16 8 9
16 10 10
16 9 11
16 12 12
16 13 13
16 15 14
16 13 15
16 17 16
16 18 17
16 19 18
16 6 19
16 20 20
16 22 21
16 10 22
16 23 23
17 1 1
17 2 2
17 3 3
17 2 4
17 1 5
17 1 6
17 5 7
18 1 1
18 2 2
18 3 3
18 4 4
18 5 5
18 12 6
18 7 7
18 8 8
18 9 9
18 7 10
18 10 11
18 11 12
18 12 13
18 14 14
18 14 15
18 14 16
18 15 17
19 1 1
19 4 2
19 6 3
19 2 4
19 6 5
19 8 6
19 6 7
19 8 8
19 8 9
19 8 10
19 14 11
19 8 12
19 10 13
19 10 14
19 13 15
19 14 16
19 8 17
19 6 18
19 12 20
19 1 22
19 7 23
19 18 24
20 1 1
20 2 2
20 3 4
20 4 5
20 5 6
20 12 7
20 6 8
20 6 9
20 7 10
20 8 11
20 11 12
20 9 13
20 10 14
20 9 15
20 4 16
20 12 17
20 12 18
20 14 19
20 8 20
20 17 23
21 1 1
21 9 2
21 5 4
21 4 5
21 8 6
21 7 7
21 8 8
21 9 9
21 10 10
22 1 1
22 4 2
22 7 3
22 4 4
22 5 5
22 7 6
22 8 7
22 9 8
22 9 9
22 8 10
22 11 11
22 12 12
22 13 13
22 14 14
23 2 1
23 1 3
23 2 4
24 1 1
24 17 2
24 12 4
24 13 5
24 14 6
24 11 7
24 5 8
24 11 9
24 7 10
24 27 11
24 7 12
24 8 13
24 10 14
24 10 15
24 4 16
24 14 17
24 16 18
24 17 19
24 19 20
24 22 21
24 17 22
24 17 23
24 24 24
24 17 26
24 27 27
25 1 1
25 3 2
25 1 3
25 3 4
25 3 5
26 1 1
26 3 2
26 2 3
26 3 4
26 4 5
26 1 7
26 7 8
26 9 9
26 9 10
26 11 11
26 12 12
26 12 13
26 4 14
26 15 16
27 1 1
27 3 3
27 4 4
27 5 5
27 3 6
27 6 7
27 7 8
28 10 1
28 18 2
28 8 3
28 15 4
28 5 5
28 9 6
28 3 7
28 9 8
28 22 9
28 11 10
28 11 12
28 9 13
28 15 14
28 4 15
28 19 17
28 20 18
28 18 19
28 22 21
28 23 22
28 24 23
29 1 1
29 10 2
29 6 3
29 3 4
29 1 5
29 6 6
29 9 7
29 5 8
29 1 9
29 6 10
29 5 11
29 7 12
29 8 13
29 10 14
29 10 15
29 11 16
30 1 1
30 5 2
30 3 3
30 6 5
30 7 6
30 8 7
30 6 9
30 10 10
30 11 11
30 4 12
30 13 13
30 14 14
30 14 15
30 10 16
30 16 17
30 3 18
30 15 20
30 15 21
30 19 22
30 18 23
30 20 24
31 10 1
31 2 2
31 3 3
31 3 4
31 11 5
31 9 6
31 13 7
31 6 8
31 1 9
31 6 10
31 3 11
31 9 12
31 5 13
31 6 14
31 2 15
31 4 16
31 12 17
31 9 18
31 14 19
32 1 1
32 2 2
32 11 3
32 8 4
32 6 5
32 7 6
32 9 8
32 19 9
32 16 10
32 1 11
32 17 12
32 3 13
32 20 14
32 16 15
32 19 16
32 19 17
32 20 18
32 21 19
33 1 1
33 3 4
33 5 5
33 21 7
33 8 8
33 8 9
33 9 11
33 6 12
33 11 13
33 12 14
33 12 15
33 20 16
33 15 17
33 15 18
33 20 19
33 17 20
33 13 21
33 20 23
33 20 24
33 21 25
33 15 26
33 23 27
34 1 1
34 2 2
34 3 3
34 4 4
34 5 5
34 6 6
34 15 7
34 8 8
34 8 9
34 9 10
34 10 11
34 10 12
34 11 13
34 11 14
34 12 15
34 13 16
34 6 17
34 17 19
35 1 1
35 3 2
35 4 3
35 3 4
35 7 5
35 11 7
35 4 8
35 8 9
35 9 10
35 10 11
35 11 12
35 5 13
35 12 14
35 12 15
35 14 16
36 2 1
36 1 2
36 1 3
36 2 4
36 2 5
36 4 6
36 2 7
37 2 1
37 2 2
37 2 3
37 3 4
37 5 5
37 5 6
37 14 7
37 6 8
37 10 9
37 7 10
37 9 11
37 12 12
37 2 13
37 13 14
37 11 15
37 11 16
37 11 17
37 12 18
37 12 19
37 14 20
37 15 21
37 15 22
37 1 23
37 16 24
38 1 1
38 2 2
38 3 3
38 3 4
38 5 5
38 6 6
38 6 7
38 7 8
38 9 9
38 8 10
38 10 11
38 11 12
38 12 14
38 13 15
38 15 16
39 1 1
39 1 2
39 2 3
39 4 4
39 5 5
39 9 6
39 4 7
39 14 8
39 2 9
39 10 11
39 8 12
39 10 13
39 6 14
39 12 15
39 16 16
39 4 17
39 14 19
39 22 21
39 10 22
39 23 23
39 22 24
39 18 25
39 24 26
40 1 1
40 2 2
40 3 3
40 2 4
40 7 5
40 10 7
40 10 8
40 12 10
40 13 11
40 14 12
41 1 1
41 2 2
41 6 4
41 17 5
41 6 6
41 1 7
41 6 8
41 5 9
41 10 10
41 11 11
41 2 12
41 8 13
41 10 14
41 8 15
41 4 16
41 12 17
41 6 18
41 14 19
41 15 20
41 12 21
41 15 22
41 11 24
41 11 25
41 2 26
41 20 27
41 22 28
42 4 1
42 4 2
42 3 3
42 3 4
42 1 5
42 2 6
42 2 7
42 6 8
43 1 1
43 2 2
43 1 3
43 6 4
43 20 5
43 14 6
43 7 7
43 8 8
43 9 9
43 9 10
43 19 11
43 11 12
43 16 13
43 19 14
43 2 15
43 15 16
43 12 17
43 18 18
43 13 19
43 21 21
44 1 2
45 1 2
46 1 1
46 3 3
46 5 4
46 4 5
46 4 6
46 6 7
46 7 8
46 8 9
46 10 10
46 11 11
46 14 12
46 2 13
46 16 15
46 17 16
46 19 18
46 20 19
47 1 1
47 2 2
47 4 3
47 4 4
47 4 5
47 7 7
47 4 8
47 10 10
47 10 11
47 11 12
47 12 13
47 11 14
47 13 15
47 14 16
47 15 17
47 14 18
47 3 19
47 19 20
47 19 21
47 21 22
47 23 23
47 23 24
47 13 25
47 24 26
47 24 27
48 4 1
48 11 3
48 3 5
48 10 7
48 8 8
48 8 9
48 10 11
48 12 12
48 8 13
48 13 14
48 10 15
48 11 16
48 12 17
48 13 18
49 1 1
49 2 2
49 3 3
49 5 5
49 16 6
49 5 7
49 11 8
49 6 9
49 12 10
49 16 11
49 19 12
49 20 13
49 4 15
49 19 16
49 14 17
49 11 18
49 22 20
50 13 1
50 8 2
50 5 3
50 21 4
50 3 5
50 5 6
50 20 7
50 12 8
50 8 9
50 9 10
50 6 11
50 10 12
50 14 13
50 6 14
50 18 15
50 15 16
50 19 17
50 10 18
50 7 19
50 21 20
50 21 21
50 23 22
50 22 23
50 24 24
51 1 1
51 2 2
51 11 3
51 9 4
51 8 5
51 9 6
51 4 7
51 7 8
51 11 9
51 7 10
51 13 11
51 11 12
51 10 13
51 11 14
51 10 16
51 8 17
51 10 20
51 13 22
51 13 23
51 5 24
51 15 25
52 1 1
52 2 2
52 2 3
52 11 4
52 6 5
52 13 6
52 11 7
52 14 8
52 18 9
52 16 10
52 17 11
52 16 12
52 17 13
52 15 14
52 19 15
52 20 16
52 15 17
52 15 18
52 2 19
52 3 20
52 16 21
52 21 23
53 1 1
53 3 2
53 7 3
53 3 4
53 4 5
53 1 6
53 5 7
53 6 8
53 9 9
53 9 10
53 10 11
53 11 12
53 14 13
53 13 14
53 4 15
53 15 16
54 4 1
54 20 2
54 6 3
54 2 4
54 12 5
54 7 6
54 7 7
54 9 9
54 7 10
54 10 11
54 6 12
54 11 13
54 10 14
54 12 15
54 13 16
54 13 17
54 14 18
54 15 19
54 16 20
54 10 21
54 20 22
54 18 23
54 18 24
54 19 25
54 21 26
54 22 27
55 1 1
55 2 2
55 3 3
55 4 4
55 4 5
55 4 6
55 5 7
55 4 8
55 6 9
56 1 1
56 2 2
56 3 3
56 2 4
56 6 5
56 6 6
56 24 7
56 5 8
56 5 9
56 7 10
56 22 11
56 13 12
56 11 13
56 10 14
56 13 16
56 12 17
56 19 18
56 4 20
56 25 21
56 5 22
56 8 23
56 8 25
56 18 27
56 20 28
56 20 29
56 26 30
57 1 1
57 1 2
57 3 3
57 3 4
57 9 6
57 10 7
57 3 9
57 8 10
57 11 11
57 14 13
57 17 14
57 14 15
57 18 17
58 1 1
58 12 3
58 2 4
58 2 5
58 1 6
58 5 8
58 7 10
58 8 11
58 4 12
58 10 13
58 12 15
58 13 16
58 14 17
58 15 18
58 16 19
59 5 1
59 4 2
59 4 3
59 5 4
59 16 5
59 11 6
59 10 7
59 12 8
59 17 9
59 11 10
59 13 11
59 15 12
59 14 13
59 15 14
59 16 16
59 22 17
59 18 18
59 20 19
59 2 20
59 22 22
59 20 23
59 24 24
59 26 25
59 27 26
60 1 1
60 9 2
60 3 4
60 4 5
60 5 6
60 5 8
60 11 9
61 1 1
61 2 2
61 2 3
61 3 4
61 5 5
61 6 7
61 6 8
61 2 10
61 8 11
61 11 13
62 1 1
62 2 3
62 4 4
62 4 5
62 3 6
62 4 7
62 6 9
62 7 11
62 8 12
62 7 13
62 9 14
62 10 15
62 11 16
63 15 1
63 2 2
63 2 3
63 8 4
63 4 5
63 3 6
63 15 7
63 8 8
63 8 9
63 7 10
63 5 11
63 11 12
63 11 13
63 8 15
63 15 16
63 15 17
63 9 18
63 7 19
63 4 20
63 15 21
63 15 22
63 4 23
63 14 24
63 5 25
63 17 26
63 18 28
63 20 29
64 1 1
64 1 2
64 2 3
65 1 1
65 2 2
65 3 3
65 22 4
65 4 5
65 21 6
65 3 7
65 11 8
65 5 9
65 13 10
65 9 11
65 15 12
65 16 13
65 11 14
65 18 15
65 19 16
65 19 17
65 9 18
65 22 19
65 26 21
65 10 22
65 25 23
65 26 24
65 26 25
65 12 26
65 29 27
66 2 1
66 2 2
67 1 1
67 4 3
67 5 4
67 3 5
67 12 6
67 21 7
67 7 8
67 14 9
67 13 10
67 10 11
67 14 12
67 6 13
67 12 14
67 14 15
67 8 16
67 15 17
67 18 18
67 22 19
67 11 20
67 21 21
67 20 22
67 11 23
67 12 24
67 28 26
68 1 1
68 3 2
68 4 3
68 8 4
68 12 5
68 13 6
68 5 7
68 6 8
68 16 9
68 12 10
68 10 11
68 4 12
68 11 13
68 15 14
68 20 15
68 23 16
68 3 17
68 24 18
68 26 19
68 4 20
68 20 22
68 22 23
68 3 24
68 26 25
68 24 26
68 25 27
68 28 28
69 1 1
69 2 2
69 8 3
69 5 4
69 6 5
69 7 6
69 6 8
69 8 9
69 10 10
69 16 11
69 6 12
69 15 13
69 12 14
69 18 16
70 1 1
70 1 2
70 3 3
70 4 4
70 2 5
70 2 6
70 4 7
70 7 8
70 7 9
70 7 11
70 2 12
70 7 13
70 2 14
70 10 17
70 11 18
70 13 20
71 1 1
71 7 3
71 15 4
71 24 5
71 7 6
71 9 7
71 10 8
71 9 9
71 9 10
71 13 11
71 1 12
71 15 13
71 13 14
71 6 15
71 17 16
71 18 17
71 18 18
71 12 19
71 16 20
71 17 21
71 25 22
71 22 23
71 7 24
71 21 25
71 14 26
71 28 27
71 28 28
71 29 29
72 1 1
72 1 2
72 14 3
72 3 4
72 6 5
72 10 6
72 6 7
72 8 9
72 10 11
72 3 12
72 8 13
72 12 14
72 3 15
72 12 16
72 14 17
72 15 18
73 2 1
73 2 2
73 3 4
73 4 5
73 5 6
73 6 7
73 5 8
73 10 9
73 13 10
73 9 11
73 12 13
73 13 14
73 13 15
73 14 16
73 12 17
73 2 18
73 17 20
74 3 1
74 1 2
74 8 3
74 15 4
74 4 5
74 15 6
74 3 7
74 4 8
74 5 9
74 6 10
74 7 11
74 14 12
74 14 13
74 17 16
75 6 1
75 9 3
75 5 4
75 10 5
75 8 6
75 9 7
75 10 8
75 11 9
76 1 1
76 3 3
76 5 5
77 1 1
77 6 4
77 5 5
77 5 6
77 5 7
77 6 8
77 4 9
77 8 10
78 1 1
78 2 2
79 1 1
79 2 2
79 3 4
79 9 5
79 18 6
79 7 7
79 4 8
79 4 9
79 6 10
79 7 11
79 5 12
79 8 13
79 9 14
79 13 17
79 14 18
79 9 19
79 18 20
79 15 21
79 18 22
79 19 24
80 1 1
80 2 2
80 3 4
80 4 5
80 6 7
80 4 8
80 5 9
80 9 10
80 9 11
80 11 12
80 11 13
80 12 14
81 1 1
81 8 2
81 2 3
81 5 4
81 6 5
81 8 7
81 10 8
81 9 9
81 13 11
81 16 13
81 19 14
81 8 15
81 16 16
81 15 18
81 17 19
81 19 20
81 20 21
81 21 22
81 22 23
82 2 1
82 7 2
82 2 3
82 14 4
82 9 5
82 14 6
82 5 7
82 3 8
82 14 9
82 2 10
82 10 11
82 16 12
82 16 13
82 14 14
82 7 15
82 2 16
82 12 17
82 1 18
82 19 19
82 1 20
82 14 21
82 15 23
82 16 24
82 16 25
82 3 26
82 17 27
82 12 28
82 16 29
82 20 30
83 1 1
83 2 3
83 1 4
83 4 5
83 19 6
83 10 7
83 22 9
83 15 10
83 23 11
83 13 13
83 12 14
83 18 15
83 23 17
83 15 18
83 10 19
83 23 20
83 24 21
83 25 22
83 27 24
84 1 1
84 10 2
84 2 3
84 3 4
84 9 5
84 5 6
84 4 7
84 9 8
84 13 9
84 1 10
84 9 11
84 7 12
84 14 14
85 13 1
85 7 2
85 2 3
85 3 4
85 5 5
85 8 6
85 4 7
85 5 8
85 6 9
85 6 10
85 2 11
85 4 12
85 8 13
85 9 14
85 12 15
85 8 16
85 12 18
85 13 19
85 15 21
86 1 1
86 2 2
86 6 3
86 2 4
86 3 5
86 1 6
86 6 7
86 7 8
86 7 9
86 7 10
86 7 11
86 4 12
86 9 13
86 10 14
86 11 15
86 12 16
86 13 17
87 14 1
87 4 2
87 9 3
87 10 4
87 4 5
87 10 6
87 8 7
87 3 8
87 2 9
87 5 10
87 10 11
87 11 12
87 9 14
87 10 15
87 10 16
87 8 17
87 13 18
87 11 19
87 12 20
87 12 21
87 14 22
88 3 1
88 7 2
88 2 3
88 3 4
88 7 5
88 11 6
88 11 7
88 5 8
88 11 10
88 18 11
88 19 12
88 14 14
88 3 15
88 16 16
88 24 17
88 17 18
88 16 19
88 20 20
88 22 21
88 21 22
88 22 23
88 24 24
88 11 25
88 25 26
89 1 1
89 2 2
89 2 3
89 3 4
89 2 5
89 4 6
89 6 7
89 2 8
89 1 9
89 2 10
89 13 11
89 9 12
89 9 13
89 2 14
89 12 16
89 13 17
89 9 18
89 10 19
89 14 20
89 14 21
89 15 22
90 1 1
90 3 2
90 2 3
90 1 4
90 3 5
90 12 6
90 6 7
90 4 8
90 6 9
90 10 10
90 5 11
90 14 13
90 14 14
90 3 15
90 15 16
91 1 1
91 2 2
91 1 3
91 2 4
91 4 5
91 1 6
91 5 7
91 4 8
91 8 9
91 9 10
91 2 11
91 13 12
91 14 13
91 14 14
91 15 15
91 17 16
91 18 17
91 19 18
91 20 19
92 5 1
92 5 2
92 5 3
92 6 5
92 7 6
92 10 7
92 11 8
92 11 9
92 13 10
92 10 11
92 12 12
92 14 13
92 19 14
92 14 16
92 18 17
92 19 18
92 21 20
92 23 22
93 17 1
93 21 2
93 3 3
93 4 4
93 5 5
93 15 6
93 7 7
93 8 8
93 19 9
93 19 10
93 21 11
93 16 12
93 14 13
93 11 14
93 22 15
93 13 16
93 5 17
93 18 18
93 18 19
93 11 20
93 21 21
93 23 22
93 14 23
93 25 24
94 5 1
94 5 2
94 6 3
94 8 4
94 8 5
94 7 6
94 6 7
94 9 8
94 10 9
94 11 10
94 4 11
94 14 13
94 15 14
94 16 15
94 17 16
95 1 1
95 2 3
95 4 5
95 6 7
95 7 8
95 8 9
95 9 10
95 9 11
95 10 12
95 11 13
95 12 14
96 2 1
96 1 2
96 11 3
96 4 4
96 6 6
96 6 7
96 7 8
96 9 9
96 14 10
96 19 11
96 18 12
96 6 13
96 11 14
96 22 15
96 19 16
96 15 17
96 20 18
96 13 19
96 15 20
96 14 21
97 1 1
97 1 2
97 3 3
97 3 4
97 4 5
97 4 6
97 7 7
97 8 9
97 8 10
97 16 12
97 10 13
97 13 14
97 15 16
97 13 17
97 15 19
97 2 20
97 17 21
97 18 22
98 1 1
98 2 2
98 3 3
98 5 5
99 8 1
99 10 2
99 2 3
99 5 4
99 3 5
99 1 6
99 8 7
99 12 8
99 10 9
99 11 10
99 16 12
99 17 13
99 13 14
99 17 16
99 21 17
99 26 18
99 24 19
99 19 20
99 20 21
99 25 22
99 12 23
99 14 24
99 24 25
99 25 26
99 26 27
99 12 28
99 30 29
100 1 1
100 7 2
100 1 4
100 5 5
100 6 6
100 4 7
100 5 8
100 9 9
101 1 1
101 2 2
101 4 3
101 2 4
101 12 5
101 4 6
101 5 7
101 14 8
101 10 9
101 7 10
101 10 11
101 13 13
101 15 14
102 2 1
102 10 3
102 2 4
102 6 6
102 1 7
102 8 8
102 13 9
102 10 10
102 19 11
102 18 12
102 11 13
102 6 14
102 22 15
102 18 16
102 20 17
102 17 18
102 8 19
102 12 20
102 13 21
102 20 22
102 17 23
102 15 24
102 21 25
102 23 26
103 4 1
103 4 2
103 3 3
103 2 4
103 7 5
103 2 6
103 4 7
103 5 8
103 7 9
103 8 10
103 10 11
103 11 12
103 13 14
104 1 1
104 1 2
104 5 3
104 2 4
104 2 6
104 5 7
104 7 8
104 9 9
104 7 11
104 7 13
104 6 14
104 7 16
104 9 17
105 1 1
105 2 2
105 3 4
105 4 5
105 5 6
105 5 7
105 7 8
105 8 9
105 9 10
105 13 11
105 9 12
105 11 13
105 12 14
105 13 15
105 10 16
105 14 17
106 1 1
106 2 2
106 2 3
106 4 4
106 13 5
106 13 7
106 5 8
106 13 9
106 10 10
106 8 11
106 9 12
106 6 13
106 19 14
106 19 15
106 8 16
106 11 17
106 12 18
106 14 19
106 14 20
106 14 21
106 15 22
106 13 23
106 10 24
106 17 25
106 18 26
106 19 27
106 20 28
106 22 30
107 1 1
107 4 3
107 10 4
107 4 5
107 6 6
107 8 7
107 6 8
107 17 10
107 12 12
107 14 13
107 14 14
107 15 15
107 14 17
107 14 18
107 17 20
107 10 21
107 20 22
107 20 23
107 21 24
108 1 1
108 3 3
108 15 4
108 3 5
108 10 6
108 6 7
108 7 8
108 7 9
108 10 10
108 10 11
108 10 12
108 11 13
108 3 14
108 12 15
108 13 16
108 14 17
108 15 18
108 16 19
108 17 20
108 15 21
108 17 22
108 19 23
109 1 1
109 6 3
109 2 4
109 6 5
109 6 6
109 8 7
110 1 1
110 1 3
110 7 4
110 6 6
110 5 7
110 7 8
110 8 10
110 9 11
110 11 12
110 7 13
110 12 14
110 13 15
111 13 1
111 11 2
111 2 3
111 3 4
111 4 5
111 4 6
111 4 7
111 5 8
111 8 9
111 17 10
111 4 11
111 10 12
111 11 13
111 11 14
111 4 15
111 13 16
111 14 17
111 15 18
111 20 19
111 16 20
111 13 21
111 19 22
111 19 23
111 12 24
111 22 25
111 23 27
112 1 2
112 2 3
112 4 4
112 6 6
113 1 1
113 1 2
113 6 3
113 7 4
113 5 5
113 6 6
113 7 7
113 7 8
113 12 9
113 8 11
113 12 12
113 10 13
113 12 14
113 6 15
113 22 16
113 17 18
113 12 19
113 8 20
113 19 21
113 19 23
113 23 24
113 24 25
113 25 26
114 3 2
114 2 3
114 1 4
114 5 5
114 4 6
114 7 7
114 7 8
114 9 10
115 1 1
115 2 2
115 3 3
115 4 4
115 4 5
115 5 6
116 1 1
116 2 2
116 2 3
116 3 4
116 4 5
116 17 6
116 6 7
116 10 8
116 13 9
116 9 10
116 13 11
116 10 12
116 12 13
116 20 14
116 14 15
116 16 16
116 16 17
116 18 18
116 18 19
116 19 20
116 20 21
116 21 22
117 1 1
117 4 3
117 5 4
117 6 5
117 4 7
117 11 8
117 8 9
117 10 10
117 9 11
117 10 12
117 11 13
117 8 14
117 9 15
117 13 16
118 1 1
118 2 2
118 3 3
118 3 4
118 4 5
118 6 6
118 6 8
118 19 9
118 9 10
118 7 11
118 18 12
118 10 13
118 12 14
118 14 15
118 16 16
118 13 18
118 16 19
118 18 20
118 6 21
118 20 22
118 20 23
118 22 24
118 23 25
118 24 26
118 25 27
118 26 28
119 1 1
119 1 2
119 3 3
119 4 4
119 4 5
119 6 6
119 5 7
119 5 8
119 2 9
119 9 10
120 1 1
120 11 2
120 6 3
120 9 4
120 4 5
120 9 6
120 11 7
120 10 8
120 22 10
120 15 12
120 19 15
120 22 16
120 21 17
120 23 18
121 1 1
121 2 2
121 3 4
121 6 5
121 4 6
121 7 8
121 5 9
121 5 10
121 10 11
121 7 12
121 9 13
121 10 14
121 3 15
121 9 16
121 11 17
121 3 18
121 7 19
121 7 20
121 3 22
121 3 23
121 7 24
121 11 25
121 3 26
121 16 27
122 1 1
122 3 3
122 16 4
122 6 5
122 6 6
122 9 8
122 11 9
122 12 10
122 8 11
122 15 12
122 14 13
122 11 14
122 14 15
122 13 16
122 17 17
122 18 18
122 18 19
122 20 20
122 22 21
122 21 22
122 23 23
123 2 2
124 1 1
124 2 2
124 2 3
124 4 4
124 7 5
124 7 6
124 8 7
124 4 8
124 7 10
124 10 11
124 12 12
124 13 13
124 15 14
124 10 16
124 16 17
124 14 18
124 16 19
124 16 20
124 23 22
124 24 23
124 25 24
124 26 25
125 6 1
125 14 2
125 8 3
125 6 4
125 3 5
125 7 6
125 2 8
125 8 9
125 11 10
125 12 11
125 14 12
125 15 14
126 1 1
126 3 2
126 3 4
126 4 5
126 5 6
126 6 7
126 7 8
126 21 9
126 11 11
126 15 13
126 15 14
126 16 15
126 19 17
126 21 18
126 6 19
126 23 20
126 24 21
126 24 22
126 26 24
127 1 1
127 2 2
127 2 3
127 3 4
127 5 5
127 4 6
127 5 7
127 7 8
127 17 9
127 10 10
127 9 11
127 3 12
127 10 13
127 12 14
127 12 15
127 12 16
127 16 17
127 14 18
127 15 19
127 14 20
127 9 21
127 18 22
127 16 23
127 18 24
127 19 25
127 20 26
128 4 1
128 16 2
128 2 3
128 9 5
128 8 6
128 10 7
128 5 9
128 11 10
128 12 11
128 6 13
128 15 14
128 12 15
128 15 16
128 15 17
128 16 18
128 18 19
129 2 1
129 5 3
129 10 4
129 11 5
129 8 6
129 7 7
129 8 9
129 12 10
130 21 1
130 5 2
130 15 3
130 7 4
130 15 5
130 15 6
130 15 7
130 15 8
130 13 9
130 15 10
130 16 11
130 16 12
130 17 13
130 15 14
130 15 16
130 14 17
130 21 18
130 24 19
131 1 1
131 2 2
131 6 3
131 1 4
131 7 5
131 9 6
131 7 7
131 8 8
131 6 9
131 5 10
131 11 11
132 4 1
132 4 2
132 4 3
132 4 4
132 4 5
132 4 6
132 5 7
132 5 8
132 5 9
132 1 10
132 7 11
133 1 1
133 1 2
133 3 4
133 4 5
133 5 6
133 5 7
133 6 8
133 7 9
133 8 10
133 9 11
133 8 12
133 10 13
133 3 14
133 12 15
133 13 17
134 1 1
134 1 3
134 1 4
134 1 5
134 7 11
134 7 12
135 17 1
135 5 2
135 4 4
135 8 5
135 15 6
135 12 7
135 7 8
135 1 9
135 15 11
135 15 12
135 1 13
135 18 15
136 1 1
136 3 2
136 2 3
136 4 4
136 6 5
136 6 6
136 9 9
136 10 10
136 19 11
136 5 12
136 16 13
136 6 14
136 9 15
136 14 16
136 15 17
136 20 18
137 2 1
137 1 2
137 4 3
137 2 4
137 1 5
137 2 6
137 7 7
137 1 8
137 7 10
138 3 1
138 6 2
138 4 3
138 9 5
138 7 6
138 9 7
138 2 8
138 7 11
138 4 12
138 6 13
138 11 14
138 12 15
138 13 18
139 1 1
139 6 2
139 2 3
139 4 4
139 5 5
139 7 6
139 6 7
139 10 8
139 10 9
139 11 10
139 12 11
140 1 1
140 2 2
140 2 3
140 3 4
140 4 5
140 6 6
140 8 7
140 5 8
140 5 9
140 6 10
140 6 11
140 10 12
140 12 13
140 13 14
140 13 15
140 15 16
140 16 17
140 17 18
140 18 19
141 1 1
141 2 3
141 8 4
141 5 5
141 2 6
141 17 7
141 5 8
141 4 9
141 17 10
141 17 11
141 8 12
141 9 13
141 12 14
141 12 15
141 13 16
141 9 17
141 12 18
141 17 20
141 13 21
141 19 23
142 1 1
142 2 2
142 3 3
142 4 4
142 5 5
142 7 6
142 8 8
142 9 9
143 11 1
143 2 2
143 1 3
143 3 4
143 10 6
143 7 7
143 7 8
143 8 9
143 10 10
143 11 11
143 22 12
143 11 13
143 16 15
143 16 16
143 22 17
143 18 18
143 12 19
143 22 20
143 23 21
143 26 22
143 7 23
143 11 24
143 26 25
143 27 26
144 1 1
144 2 3
144 3 4
144 4 5
145 1 1
145 1 2
145 2 3
145 4 4
145 4 5
145 5 6
145 4 7
145 10 8
145 6 9
145 8 11
145 11 13
146 1 1
146 4 2
146 1 3
146 9 5
146 8 6
146 10 7
146 11 8
146 13 9
147 1 1
147 3 3
147 4 4
147 5 5
147 18 6
147 7 7
147 8 8
147 9 9
147 6 10
147 12 12
147 1 13
147 19 14
147 10 15
147 16 17
147 16 18
147 16 19
147 19 20
147 18 21
147 8 22
147 17 24
147 20 25
147 10 28
147 21 29
147 24 30
148 1 1
148 2 2
148 3 4
148 4 5
148 5 6
148 5 7
148 6 8
148 7 9
148 6 10
148 7 11
148 8 12
148 7 13
148 10 14
148 11 15
148 13 16
148 8 17
149 1 1
149 3 2
149 7 3
149 8 4
149 8 5
149 5 6
149 4 7
149 8 8
149 8 9
149 10 10
149 9 11
149 5 12
149 18 13
149 16 14
149 12 15
149 15 16
149 17 17
149 11 18
149 20 19
149 22 20
149 5 22
149 22 23
149 20 24
149 24 25
149 25 26
149 1 27
149 26 28
149 27 29
150 1 1
150 2 2
150 3 3
150 2 4
150 11 5
150 1 6
150 5 7
150 11 8
150 1 10
150 5 12
150 8 14
150 2 15
150 6 16
150 13 17
151 7 2
151 3 3
151 7 4
151 3 5
151 5 6
151 4 7
151 1 8
151 2 9
151 6 10
151 6 11
151 9 13
152 8 1
152 1 2
152 20 4
152 5 5
152 6 6
152 16 7
152 10 8
152 9 9
152 12 10
152 12 11
152 18 12
152 2 13
152 13 14
152 15 15
152 22 17
153 2 1
153 3 2
153 3 3
153 4 4
153 3 5
153 14 7
153 10 9
153 8 10
153 9 11
153 8 12
153 11 13
153 10 14
153 13 15
153 11 16
153 15 17
153 17 18
154 1 1
154 10 2
154 4 3
154 17 4
154 4 5
154 4 6
154 10 7
154 13 8
154 7 9
154 7 10
154 11 11
154 11 13
154 9 14
154 10 15
154 17 17
154 4 19
154 5 20
154 10 21
154 6 22
154 7 23
154 7 24
154 20 27
155 1 1
155 2 2
155 5 3
155 4 4
155 4 5
155 5 6
155 5 7
155 3 8
155 6 9
156 4 1
156 5 2
156 9 4
156 7 5
156 6 6
156 15 7
156 8 8
156 12 9
156 8 10
156 5 11
156 15 12
156 9 14
156 6 15
156 8 16
156 3 17
156 15 18
156 2 19
156 15 20
156 16 22
156 18 23
157 1 1
157 1 2
157 3 3
157 4 4
157 4 5
157 5 6
157 6 7
157 7 8
157 8 9
158 12 1
158 2 2
158 4 4
158 7 6
158 8 7
158 8 8
158 9 9
158 10 10
158 12 11
158 12 12
158 13 13
159 4 1
159 2 2
159 1 3
159 4 4
160 2 1
160 3 2
160 13 3
160 6 6
160 9 7
160 6 8
160 7 9
160 9 11
160 9 12
160 12 13
160 12 14
160 13 15
160 14 16
161 5 1
161 20 2
161 5 3
161 3 4
161 19 5
161 2 6
161 17 7
161 8 8
161 10 9
161 10 10
161 10 11
161 11 12
161 11 13
161 15 14
161 12 15
161 3 16
161 16 17
161 8 18
161 19 19
161 18 20
161 19 21
161 21 22
161 21 23
161 22 24
162 1 1
162 2 2
162 11 3
162 7 4
162 7 5
162 1 6
162 11 7
162 7 8
162 9 10
162 9 11
162 13 12
163 10 1
163 6 2
163 5 3
163 6 4
163 20 5
163 5 6
163 2 7
163 5 8
163 22 9
163 10 10
163 10 11
163 10 12
163 13 13
163 14 14
163 15 15
163 4 16
163 15 17
163 2 18
163 16 19
163 17 20
163 18 21
163 19 22
163 17 23
163 21 24
163 16 25
163 21 26
163 23 28
163 25 29
164 6 1
164 19 2
164 3 3
164 3 4
164 4 5
164 6 6
164 9 9
164 11 11
164 12 12
164 16 13
164 14 14
164 15 15
164 18 16
164 21 18
165 1 1
165 6 3
165 3 4
165 8 5
165 10 6
165 3 7
165 5 8
165 8 9
165 6 10
165 21 11
165 8 12
165 13 13
165 12 15
165 4 16
165 13 17
165 16 19
165 19 20
165 21 21
165 21 22
165 23 23
165 23 24
165 23 25
165 24 26
165 25 27
166 2 2
166 1 3
166 2 4
166 3 5
166 3 6
166 3 7
166 4 8
167 3 1
167 2 2
167 6 3
167 1 4
167 5 5
167 7 6
167 13 7
167 14 8
167 8 10
167 9 11
167 12 12
167 13 13
167 23 14
167 11 15
167 10 16
167 12 17
167 16 18
167 17 19
167 18 20
167 21 22
167 22 23
167 22 26
167 14 27
167 27 29
168 18 1
168 20 2
168 4 3
168 5 4
168 4 5
168 7 6
168 7 7
168 18 8
168 9 9
168 11 11
168 4 13
168 8 14
168 14 15
168 14 17
168 3 18
168 14 19
168 14 20
168 21 21
168 6 22
168 17 23
168 11 24
168 17 25
168 16 26
168 21 27
168 22 28
169 1 1
169 2 2
169 3 3
169 4 4
169 5 5
169 1 6
169 1 7
169 8 8
170 7 1
170 15 2
170 17 3
170 1 4
170 2 5
170 3 6
170 4 7
170 4 8
170 8 9
170 9 10
170 15 11
170 6 12
170 7 13
170 6 15
170 10 16
170 1 17
170 14 19
170 10 20
170 16 21
170 13 22
170 18 23
171 14 1
171 11 2
171 14 3
171 13 4
171 16 5
171 3 6
171 3 7
171 17 8
171 10 9
171 3 10
171 11 12
171 6 13
171 7 14
171 12 15
171 8 16
171 17 17
171 17 18
171 21 19
171 12 20
171 18 21
171 20 22
171 5 23
171 18 24
171 19 25
172 1 1
172 3 2
172 9 4
172 7 5
172 9 6
172 8 7
172 10 8
172 12 9
172 12 10
172 13 12
173 1 1
173 2 2
173 2 3
173 5 4
173 5 5
173 6 6
173 14 7
173 10 8
173 9 9
173 7 10
173 7 12
173 15 13
173 12 14
173 14 15
173 13 16
173 16 17
173 16 19
173 17 20
173 19 21
173 17 22
173 18 23
173 20 24
174 1 1
174 3 2
174 3 3
174 3 4
174 4 5
174 5 6
174 6 7
175 1 1
175 2 2
175 19 3
175 3 4
175 7 5
175 7 6
175 19 7
175 5 8
175 9 9
175 7 10
175 1 11
175 19 12
175 13 13
175 10 14
175 12 15
175 14 16
175 10 18
175 12 20
175 16 21
175 16 22
175 16 23
175 17 24
175 18 25
175 20 26
175 20 27
175 21 28
176 2 1
176 2 2
176 3 3
176 4 4
176 6 5
176 12 6
176 9 7
176 9 8
176 10 10
176 12 11
177 1 1
177 2 2
177 2 3
177 3 4
177 4 5
177 4 6
177 8 7
177 6 8
177 8 9
177 3 10
177 9 11
177 10 12
177 11 13
177 12 14
177 13 15
177 13 16
177 14 17
178 1 1
178 4 2
178 7 4
178 8 5
178 9 6
179 1 1
179 2 2
179 2 3
179 3 4
179 2 5
179 6 6
179 1 7
179 7 8
180 1 1
180 2 2
180 4 3
180 3 4
180 5 5
180 7 6
180 11 8
180 6 9
180 9 10
180 9 11
180 4 12
180 10 13
180 13 14
181 1 1
181 1 2
181 3 3
181 6 4
181 4 5
181 12 6
181 7 7
181 7 8
181 9 9
181 12 11
181 2 12
181 11 13
181 6 14
181 14 15
181 14 16
181 15 17
181 2 18
181 16 19
181 17 20
182 1 1
182 2 2
182 2 3
182 5 4
182 2 5
182 5 6
183 2 1
183 1 2
183 4 3
183 1 4
183 2 5
183 8 6
184 1 1
184 2 2
184 2 3
184 3 4
184 4 5
184 7 7
184 8 8
184 9 9
185 2 1
185 2 2
185 4 3
185 3 4
185 3 5
185 5 6
185 6 7
185 6 8
185 7 9
185 7 10
185 8 11
185 9 12
185 10 13
185 11 14
185 12 15
186 1 1
186 15 2
186 15 3
186 3 4
186 14 6
186 15 7
186 16 8
186 9 9
186 14 10
186 2 11
186 17 12
186 15 13
186 16 15
186 14 16
186 3 17
186 19 18
187 1 1
187 3 2
187 4 3
187 3 4
187 10 6
187 7 7
187 2 8
187 7 9
187 6 10
187 2 11
187 9 12
187 3 13
187 8 14
187 8 15
187 11 17
188 1 1
188 2 2
188 2 3
188 3 4
188 4 5
188 6 6
188 7 7
188 6 8
188 8 9
188 5 10
188 8 11
188 10 12
188 11 13
188 11 14
188 8 15
188 14 16
188 12 17
188 3 18
188 16 19
188 18 20
189 11 1
189 14 2
189 12 3
189 1 4
189 12 5
189 3 6
189 6 7
189 5 8
189 7 9
189 11 10
189 8 11
189 1 12
189 12 15
189 8 16
189 11 17
189 12 18
189 13 19
189 15 20
190 1 1
190 2 2
190 3 3
190 4 4
190 5 5
191 8 1
191 2 3
191 3 4
191 4 5
191 7 6
191 7 7
191 7 8
191 8 9
191 9 10
191 9 11
191 11 12
192 1 1
192 3 2
192 4 3
192 3 4
192 5 5
192 6 6
192 6 7
192 8 8
192 7 9
192 19 10
192 10 11
192 12 12
192 12 13
192 13 14
192 5 15
192 14 17
192 11 18
192 11 19
192 18 20
192 14 21
192 17 22
192 18 23
192 18 24
192 19 25
192 19 26
192 21 27
192 21 28
192 22 29
193 1 1
193 2 2
193 3 3
193 4 4
193 5 5
193 6 6
193 7 7
193 8 8
193 9 9
193 12 12
194 2 1
194 14 2
194 3 3
194 6 4
194 2 5
194 12 6
194 8 8
194 3 9
194 15 10
194 9 11
194 14 12
194 15 14
194 16 15
194 18 17
195 4 1
195 3 2
195 18 3
195 9 4
195 4 5
195 4 6
195 16 7
195 18 8
195 12 9
195 11 10
195 4 12
195 10 13
195 8 14
195 12 15
195 13 16
195 8 17
195 19 18
195 19 19
195 21 20
196 1 1
196 20 2
196 1 4
196 6 5
196 8 7
196 1 8
196 9 9
196 8 10
196 9 11
196 11 13
196 14 14
196 19 17
196 15 18
196 17 20
196 19 22
196 20 23
196 21 24
197 1 1
197 2 2
197 5 4
197 4 5
197 6 6
197 5 7
197 6 8
197 12 9
197 6 10
197 7 11
197 8 12
197 11 13
197 13 15
197 14 16
197 15 17
198 1 1
198 3 2
198 4 3
198 1 4
199 1 1
199 1 2
199 6 3
199 6 4
199 7 5
199 9 7
199 11 8
199 11 9
199 9 10
199 9 11
199 4 12
199 7 13
199 12 14
200 8 1
200 4 2
200 1 3
200 2 4
200 3 6
200 9 7
200 11 8
200 12 9
201 1 1
201 21 2
201 4 3
201 5 4
201 11 5
201 6 7
201 8 8
201 10 10
201 11 12
201 19 13
201 20 14
201 8 15
201 19 16
201 5 18
201 20 20
201 23 21
201 23 22
201 24 24
203 1 1
203 7 2
203 5 3
203 5 4
203 6 5
203 10 6
203 5 7
203 8 8
203 10 9
203 8 10
203 9 11
203 10 12
203 10 13
203 7 14
203 10 15
203 10 16
203 14 18
204 1 1
204 7 2
204 4 3
204 9 5
204 10 6
204 11 7
204 13 9
204 9 11
204 5 12
204 2 13
204 14 14
205 1 1
205 9 2
205 2 3
205 3 4
205 4 5
205 5 6
205 5 8
205 11 9
206 1 1
206 2 2
206 6 3
206 6 4
206 6 5
206 4 6
206 5 7
206 7 8
207 1 1
207 2 2
207 7 3
207 13 4
207 2 5
207 5 6
207 15 7
207 6 9
207 15 10
207 15 12
207 12 13
207 12 14
207 19 15
207 19 16
207 13 17
207 17 18
207 15 19
207 15 20
207 6 21
207 17 22
207 16 23
207 20 24
208 1 1
208 2 2
208 2 3
208 2 4
208 7 5
208 7 6
208 5 7
208 5 8
208 8 9
208 8 11
208 5 12
208 8 14
208 10 15
209 1 1
209 2 2
209 3 3
209 4 4
209 3 5
209 5 7
209 12 9
210 2 1
210 4 2
210 3 3
210 3 4
210 9 5
210 10 6
210 8 8
210 8 9
210 1 10
210 10 11
210 12 12
211 1 1
211 2 2
211 3 3
211 3 4
211 10 6
211 7 7
211 8 8
211 11 10
211 13 12
212 1 2
212 2 3
213 8 1
213 2 3
213 3 4
213 6 6
213 5 7
213 1 8
213 9 9
213 7 10
213 1 11
213 12 12
213 10 13
213 14 14
214 3 1
214 2 2
214 6 3
214 2 4
214 6 5
214 7 6
214 8 7
214 8 8
214 9 9
214 9 10
214 12 11
214 13 12
214 15 13
214 14 14
214 12 15
214 16 16
214 16 17
214 16 18
214 14 19
214 18 20
214 16 21
214 20 22
214 21 23
214 22 24
214 23 25
215 12 1
215 7 2
215 12 3
215 1 4
215 13 6
215 9 7
215 10 8
215 12 9
215 10 10
215 12 11
215 15 12
215 17 13
215 17 14
215 18 15
216 1 1
216 3 2
216 3 3
216 22 5
216 7 7
216 8 8
216 10 10
216 14 11
216 11 12
216 11 13
216 18 14
216 17 15
216 12 16
216 14 17
216 13 18
216 11 19
216 21 20
216 1 21
216 20 22
216 23 23
216 24 25
216 25 26
216 26 27
217 2 1
217 2 2
217 2 3
217 5 4
218 1 1
218 3 2
218 1 3
218 1 4
218 2 5
218 6 6
218 3 7
218 4 8
218 5 9
218 6 10
218 7 11
218 12 12
218 11 13
218 9 14
218 10 15
218 11 16
218 12 17
218 14 19
219 1 1
219 1 2
219 8 3
219 3 4
219 4 5
219 8 6
219 17 7
219 6 8
219 17 9
219 11 10
219 11 11
219 12 12
219 13 13
219 14 14
219 5 15
219 16 16
219 17 17
219 18 18
219 20 20
220 1 1
220 3 2
220 2 3
220 3 4
220 5 5
220 5 6
220 8 7
220 5 8
220 7 9
220 7 10
220 6 11
220 5 12
220 8 13
220 9 14
220 7 15
220 6 16
220 2 17
220 12 18
220 11 19
220 12 20
220 13 21
221 1 1
221 6 2
221 9 5
221 15 6
221 18 7
221 18 8
221 15 9
221 11 10
221 16 11
221 23 12
221 18 13
221 12 14
221 17 15
221 25 16
221 17 17
221 17 18
221 24 19
221 16 20
221 9 22
221 23 23
221 26 24
221 16 25
221 3 26
221 4 27
221 16 28
221 1 29
221 26 30
222 3 1
222 2 2
222 5 3
222 1 4
222 2 5
222 3 6
222 3 7
222 1 8
222 5 9
223 11 1
223 2 2
223 2 3
223 3 4
223 16 5
223 7 6
223 14 10
223 6 11
223 15 12
223 8 13
223 11 14
223 10 15
223 20 16
223 19 18
223 20 19
223 16 21
223 18 22
223 7 23
223 4 24
223 27 26
224 1 1
224 3 2
224 4 4
224 7 6
224 5 7
224 9 8
224 10 9
224 4 10
224 11 11
225 1 1
225 2 2
225 3 3
225 4 4
225 6 6
225 17 7
225 19 8
225 2 9
225 12 10
225 10 11
225 12 13
225 14 14
225 16 15
225 14 16
225 5 17
225 16 18
225 17 19
225 15 20
225 19 21
226 3 1
226 7 3
226 20 4
226 9 5
226 9 6
226 7 7
226 8 8
226 9 9
226 17 10
226 10 11
226 22 12
226 22 15
226 7 16
226 15 17
226 16 18
226 3 19
226 17 20
226 4 21
226 11 23
226 11 24
226 22 26
226 24 27
226 14 28
226 24 29
226 25 30
227 1 1
227 3 2
227 2 3
227 3 4
227 6 6
227 5 7
227 6 8
227 6 9
227 2 10
227 7 11
227 7 12
227 8 13
227 10 14
227 8 15
227 15 16
227 14 17
227 14 18
227 17 19
227 16 20
227 14 21
227 18 22
228 8 2
228 2 3
228 17 4
228 2 5
228 16 6
228 4 7
228 12 8
228 5 9
228 6 10
228 18 11
228 1 12
228 9 13
228 9 14
228 12 15
228 19 16
228 6 17
228 14 18
228 4 19
228 7 20
228 7 21
228 16 22
228 12 23
228 7 24
228 19 25
228 19 26
228 20 27
229 1 1
229 3 2
229 3 3
229 3 4
229 8 5
229 3 6
229 7 7
229 10 8
229 11 9
229 12 10
229 14 12
229 15 13
229 2 14
229 2 15
229 15 16
229 21 17
229 1 18
229 23 19
229 21 20
229 5 21
229 15 23
229 24 24
230 2 1
230 3 2
230 27 3
230 4 4
230 5 5
230 7 6
230 6 7
230 7 8
230 7 9
230 8 10
230 9 11
230 16 12
230 8 13
230 13 14
230 15 15
230 12 17
230 19 18
230 1 19
230 18 20
230 17 21
230 24 22
230 20 23
230 22 25
230 10 26
230 24 27
230 26 28
230 25 29
230 27 30
231 1 1
231 1 2
231 4 3
231 1 4
231 2 5
231 4 6
231 4 7
231 4 8
231 6 9
231 6 10
231 7 11
231 9 12
231 7 13
231 9 14
231 2 15
231 11 16
231 9 17
231 6 18
231 10 19
231 12 20
232 1 1
232 2 2
232 3 3
232 4 4
232 11 5
232 6 6
232 5 7
232 8 8
232 9 9
232 10 10
232 11 11
232 25 12
232 3 13
232 17 14
232 16 15
232 22 16
232 19 17
232 3 18
232 20 19
232 19 20
232 24 21
232 8 22
232 27 24
232 23 25
232 26 26
232 16 27
232 22 28
232 28 29
233 12 1
233 2 2
233 4 3
233 3 4
233 3 5
233 4 6
233 5 7
233 6 8
233 8 9
233 12 10
233 9 11
233 10 12
233 12 13
233 13 14
233 13 15
233 15 16
233 13 17
233 14 18
233 16 19
233 18 20
233 18 21
234 1 1
234 2 2
234 21 5
234 6 6
234 8 7
234 3 8
234 9 9
234 11 10
234 12 11
234 10 12
234 4 13
234 8 14
234 15 15
234 17 16
234 18 17
234 24 18
234 20 19
234 15 20
234 19 21
234 25 22
234 24 23
234 23 24
234 21 25
234 22 26
234 23 27
234 23 28
234 6 29
234 26 30
235 2 1
235 2 2
235 1 3
235 5 5
235 6 6
235 7 7
235 7 8
235 11 10
235 11 11
235 19 13
235 15 14
235 17 16
235 22 17
235 18 18
235 19 19
235 7 20
235 22 22
236 1 1
236 2 2
236 3 3
236 4 4
236 5 5
236 6 6
236 7 7
236 8 8
236 1 9
236 10 10
236 11 11
236 13 12
236 20 13
236 14 15
236 15 16
236 16 17
236 17 18
236 9 19
236 20 20
236 20 22
236 20 23
236 21 24
236 22 25
237 1 1
237 1 2
237 2 3
237 7 4
237 5 5
237 10 6
237 5 7
237 5 8
237 5 9
237 7 10
237 5 11
237 7 12
237 7 13
237 7 14
237 7 15
237 1 16
237 1 17
237 10 18
237 7 19
237 1 20
237 12 23
238 3 2
238 2 3
238 15 4
238 4 5
238 9 6
238 2 7
238 8 8
238 15 9
238 14 10
238 2 11
238 13 12
238 15 13
238 17 14
240 2 1
240 2 2
240 1 4
240 5 5
240 7 6
240 8 7
240 8 8
240 9 9
240 13 11
240 12 12
240 13 14
240 14 15
240 5 16
240 16 17
240 17 18
241 17 1
241 3 3
241 5 5
241 5 7
241 8 8
241 8 10
241 12 11
241 13 13
241 14 14
241 11 15
241 18 16
242 1 1
242 6 3
242 9 4
242 8 5
242 7 6
242 3 7
242 3 8
242 9 9
242 13 10
242 3 11
242 14 12
242 6 13
242 2 14
242 16 16
243 7 1
243 2 2
243 3 4
243 4 5
243 6 6
243 2 7
243 8 8
244 8 1
244 8 2
244 18 3
244 1 4
244 11 5
244 3 6
244 7 7
244 18 9
244 14 11
244 13 12
244 10 15
244 7 16
244 7 17
244 19 18
244 19 19
244 7 20
244 24 22
245 14 1
245 1 2
245 2 3
245 3 4
245 6 5
245 4 6
245 3 7
245 9 8
245 9 11
245 11 12
245 11 13
245 13 14
245 14 15
245 15 16
245 16 17
247 1 1
247 4 3
247 5 4
247 4 5
247 5 7
247 5 8
247 8 10
247 3 11
247 8 12
247 10 13
248 1 1
248 14 2
248 2 3
248 3 4
248 2 5
248 15 6
248 17 7
248 6 8
248 9 9
248 9 10
248 10 11
248 23 12
248 15 13
248 11 14
248 14 15
248 17 17
248 4 18
248 17 19
248 7 20
248 15 21
248 17 22
248 16 23
248 17 24
248 19 25
248 18 26
248 24 29
249 1 1
249 2 2
249 3 3
249 3 4
249 14 5
249 4 6
249 6 7
249 7 8
249 8 9
249 9 10
249 10 11
249 11 12
249 12 13
249 15 14
249 13 15
249 14 16
249 14 17
249 16 19
249 10 20
249 19 21
249 9 22
249 19 23
249 21 24
250 2 1
250 5 2
250 2 3
250 3 4
250 5 5
250 2 6
250 6 7
251 3 1
251 2 2
251 3 3
251 3 5
251 3 7
251 9 9
251 8 10
251 8 11
251 9 12
251 4 13
251 8 14
251 6 15
251 10 16
252 12 1
252 9 2
252 8 3
252 11 4
252 6 5
252 12 6
252 8 7
252 11 9
252 7 10
252 5 11
252 13 12
253 1 1
253 4 2
253 3 3
253 5 4
253 22 5
253 5 6
253 4 7
253 12 8
253 3 9
253 4 10
253 20 12
253 20 13
253 14 14
253 7 15
253 24 16
253 12 17
253 11 18
253 13 19
253 22 20
253 12 21
253 4 22
253 14 23
253 9 24
253 16 25
253 25 26
254 1 1
254 21 4
254 4 5
254 4 7
254 10 8
254 6 9
254 5 10
254 21 11
254 14 12
254 8 13
254 9 14
254 18 15
254 4 16
254 14 17
254 18 18
254 22 19
254 12 20
254 21 21
254 20 22
254 25 24
255 1 1
255 6 2
255 2 4
255 5 5
255 7 6
255 7 7
255 4 8
255 7 9
255 5 10
255 2 11
255 6 12
255 8 13
256 4 1
256 4 2
256 1 3
256 3 4
256 1 5
256 2 6
256 5 7
257 1 1
257 2 2
257 3 3
257 4 4
257 5 5
257 5 6
257 17 7
257 8 8
257 8 9
257 9 10
257 10 11
257 10 12
257 10 13
257 15 14
257 10 15
257 14 16
257 6 17
257 16 18
257 20 19
257 23 20
257 6 22
257 26 23
257 23 24
257 26 25
257 27 26
258 19 1
258 5 2
258 1 3
258 6 4
258 4 5
258 6 6
258 6 7
258 6 8
258 8 9
258 9 10
258 10 11
258 11 12
258 12 13
258 13 14
258 12 15
258 14 16
258 17 18
258 17 20
258 19 21
258 19 22
258 20 23
259 4 1
259 23 2
259 5 3
259 14 4
259 23 5
259 14 7
259 9 8
259 10 9
259 12 11
259 23 13
259 14 14
259 16 15
259 18 16
259 14 17
259 23 18
259 21 20
259 7 21
259 25 22
260 4 1
260 2 2
260 3 3
260 5 4
260 5 6
260 6 7
260 8 8
260 8 9
260 9 10
260 10 11
261 2 1
261 1 2
261 2 3
261 6 5
262 1 1
262 1 2
262 2 3
262 3 4
262 3 5
262 8 6
262 2 7
262 3 8
262 5 9
262 4 10
262 5 11
262 3 12
262 3 13
262 8 14
262 8 15
262 10 16
262 10 17
262 3 18
262 10 19
262 8 20
262 6 21
262 12 22
262 12 23
262 12 24
262 13 25
263 3 1
263 4 2
263 4 3
263 4 4
263 11 5
263 5 7
263 9 8
263 11 9
263 8 10
263 9 11
263 9 12
263 11 14
263 12 15
263 13 16
263 15 17
264 6 1
264 8 2
264 8 3
264 9 4
264 15 5
264 7 6
264 11 7
264 2 8
264 4 9
264 8 10
264 12 11
264 13 12
264 14 13
264 16 14
264 15 15
264 17 17
264 21 18
264 20 19
264 21 20
264 22 21
265 1 1
265 2 2
265 3 3
265 13 4
265 11 5
265 10 6
265 12 7
265 14 8
265 18 9
265 7 10
265 4 11
265 5 12
265 6 13
265 13 14
265 6 15
265 4 17
265 16 18
265 9 19
265 13 21
265 14 22
265 20 24
266 1 1
266 4 3
266 3 4
266 4 5
266 6 6
266 6 7
266 6 8
266 7 9
266 10 10
266 15 11
266 9 12
266 10 13
266 10 14
266 14 15
266 9 16
266 12 17
266 13 18
266 14 19
266 8 20
266 15 22
266 8 23
266 7 24
266 15 25
266 20 26
267 3 1
267 3 2
267 1 3
267 13 5
267 6 6
267 7 7
267 8 8
267 8 9
267 9 10
267 8 11
267 4 12
267 10 13
267 11 14
267 13 15
267 14 17
267 8 19
267 14 20
267 17 21
267 18 22
267 14 23
267 20 24
267 21 25
267 21 26
267 22 27
268 1 1
268 2 2
268 3 3
268 3 4
268 5 5
268 1 6
268 2 7
268 9 9
268 12 10
268 11 11
268 11 12
268 13 13
268 13 14
268 15 15
268 16 16
268 18 18
268 18 19
268 20 20
269 1 1
269 2 3
269 9 4
269 5 5
269 3 6
269 5 8
269 6 9
269 9 10
269 9 11
269 13 13
269 9 14
269 14 15
269 16 16
269 17 18
270 1 1
270 1 2
270 2 3
270 8 4
270 5 5
270 10 6
270 7 7
270 8 8
270 5 9
270 5 10
270 11 11
271 1 1
271 23 2
271 2 3
271 5 4
271 5 5
271 7 6
271 8 7
271 9 8
271 10 9
271 12 10
271 14 11
271 6 12
271 14 13
271 4 14
271 13 15
271 16 16
271 4 17
271 18 18
271 18 19
271 19 20
271 22 21
271 9 22
271 18 23
271 23 26
272 6 1
272 1 2
272 10 3
272 3 4
272 3 5
272 5 6
272 10 7
272 5 8
272 5 9
272 9 10
272 10 11
272 11 12
273 3 1
273 5 2
273 3 3
273 5 4
273 6 5
273 1 6
273 18 7
273 7 8
273 9 9
273 10 10
273 10 11
273 14 12
273 10 13
273 12 15
273 20 16
273 16 18
273 16 20
273 14 21
273 19 22
273 20 23
273 10 25
273 20 26
273 18 27
273 20 28
273 2 29
273 23 30
275 1 1
275 10 2
275 1 3
275 4 4
275 5 5
275 6 6
275 6 7
275 8 8
275 10 9
275 9 10
275 10 11
275 12 12
275 14 13
275 16 15
275 16 16
275 12 18
275 10 19
275 4 20
275 15 21
275 16 22
275 19 23
276 16 1
276 2 2
276 7 3
276 13 4
276 4 5
276 4 7
276 12 8
276 7 9
276 7 10
276 7 11
276 5 12
276 6 13
276 11 14
276 8 15
276 12 16
276 3 17
276 17 19
276 19 21
277 1 1
277 3 2
277 5 3
277 11 4
277 5 5
277 6 6
277 4 7
277 6 8
277 8 10
277 10 12
277 11 13
277 12 14
277 10 15
277 14 16
277 11 17
277 10 18
277 16 20
277 17 21
277 18 22
277 18 23
277 19 24
278 1 1
278 2 2
278 5 3
278 4 4
278 3 5
278 4 6
278 5 7
278 15 8
278 4 9
278 8 10
278 12 13
278 11 14
278 12 15
278 11 16
278 17 18
278 15 19
278 16 20
278 14 21
278 16 22
278 19 23
278 19 24
278 4 25
278 5 26
278 21 27
278 22 28
278 23 29
279 7 1
279 11 2
279 8 3
279 5 4
279 12 5
279 3 6
279 11 7
279 6 8
279 7 9
279 4 10
279 5 11
279 5 12
279 13 13
280 20 1
280 2 2
280 3 3
280 4 4
280 17 5
280 10 6
280 6 8
280 14 9
280 2 10
280 2 11
280 14 12
280 6 13
280 16 14
280 6 15
280 24 16
280 18 17
280 2 18
280 3 19
280 18 20
280 6 21
280 16 22
280 20 23
280 27 24
280 28 25
281 1 1
281 3 2
281 2 3
281 3 4
281 5 5
281 6 6
282 1 1
282 2 2
282 2 3
282 5 4
282 7 5
282 2 6
282 8 7
282 8 8
282 9 9
282 10 10
282 3 11
282 3 12
282 14 13
282 9 14
282 11 16
282 18 19
282 19 20
282 2 21
282 8 22
282 20 23
282 3 24
282 24 27
283 1 1
283 2 2
283 3 3
283 5 5
283 2 6
283 5 7
283 6 8
284 1 1
284 2 2
284 2 3
284 2 4
284 8 5
284 2 6
284 4 7
284 11 8
284 15 9
284 10 10
284 11 12
284 11 13
284 16 14
284 15 15
284 2 16
284 17 19
285 15 1
285 5 2
285 13 3
285 10 4
285 11 5
285 18 6
285 11 7
285 10 8
285 13 9
285 14 10
285 14 11
285 17 12
285 17 13
285 17 14
285 19 15
286 2 1
286 2 3
286 7 4
286 25 6
286 12 7
286 11 8
286 8 9
286 16 11
286 16 13
286 2 14
286 19 15
286 22 16
286 21 17
286 12 19
286 25 20
286 27 21
287 1 1
287 2 2
287 5 3
287 15 4
287 2 5
287 3 6
287 4 7
287 9 8
287 12 9
287 15 10
287 6 11
287 9 12
287 8 13
287 13 14
287 14 15
287 11 16
287 3 17
287 17 18
288 2 1
288 3 2
288 3 3
288 4 4
288 16 5
288 6 6
288 4 7
288 10 8
288 9 9
288 3 10
288 17 11
288 15 12
288 9 13
288 7 14
288 4 15
288 11 16
288 5 17
288 17 18
288 15 19
288 4 20
288 3 21
288 17 22
288 19 23
289 1 1
289 3 3
289 4 4
289 19 5
289 28 6
289 28 7
289 26 8
289 10 10
289 18 12
289 22 13
289 22 14
289 18 16
289 19 17
289 18 18
289 17 19
289 28 20
289 18 21
289 18 22
289 28 23
289 28 24
289 28 25
289 30 26
290 6 1
290 7 2
290 11 3
290 7 4
290 2 6
290 6 7
290 1 8
290 7 10
290 8 11
290 12 12
290 2 13
290 14 14
290 9 16
290 11 17
290 11 18
290 11 19
290 1 20
290 15 21
290 16 23
290 18 24
291 2 1
291 2 3
291 2 4
291 2 5
291 2 6
291 4 7
291 9 11
291 10 12
291 11 13
291 13 15
292 1 1
292 2 2
292 3 3
292 3 4
292 18 5
292 7 6
292 6 7
292 7 8
292 11 9
292 12 10
292 7 11
292 15 13
292 8 14
292 15 15
292 8 17
292 18 18
292 15 19
292 20 20
292 19 21
292 22 22
293 5 1
293 6 2
293 2 3
293 4 4
293 4 5
293 4 6
293 5 7
293 5 8
293 2 9
293 8 11
294 4 1
294 2 2
294 3 3
294 4 4
294 3 5
294 7 6
294 4 7
294 5 8
294 7 9
294 4 10
294 7 11
294 8 12
295 1 1
295 14 3
295 13 4
295 7 5
295 7 6
295 7 7
295 14 9
295 14 10
295 13 11
295 14 12
295 14 13
295 14 14
295 13 15
295 13 16
295 13 17
295 17 18
296 1 1
296 2 2
296 3 3
296 3 4
296 4 5
296 7 7
296 6 8
296 9 9
296 10 10
297 2 1
297 2 2
297 5 3
297 3 4
297 7 5
297 6 6
297 8 7
297 7 8
297 10 10
298 2 1
298 2 2
298 7 3
298 2 4
298 7 5
298 7 6
298 9 7
298 10 8
299 1 1
299 2 2
299 3 3
299 2 4
299 4 5
299 5 6
299 5 7
299 4 8
299 5 9
299 7 10
300 11 1
300 2 2
300 2 3
300 6 4
300 3 5
300 4 6
300 5 7
300 3 8
300 6 9
300 5 10
300 6 11
300 10 12
300 6 13
300 5 14
300 7 16
300 11 17
300 6 18
300 3 19
300 10 20
300 13 21
300 13 22
300 14 23
301 4 1
301 6 2
301 7 3
301 1 4
301 3 5
301 2 6
301 6 7
301 5 8
301 7 9
301 4 10
301 7 11
301 9 12
301 9 13
301 12 15
302 17 1
302 18 3
302 5 4
302 13 5
302 12 6
302 10 7
302 11 8
302 21 10
302 17 11
302 9 14
302 20 15
302 18 16
302 22 18
303 1 1
303 2 2
303 3 3
303 2 4
303 5 5
303 3 6
303 6 7
303 5 8
303 13 9
303 2 10
303 4 11
303 7 12
303 8 13
303 8 14
303 16 15
303 14 17
303 14 18
303 15 19
303 15 20
303 17 21
303 2 22
303 13 23
303 21 25
304 6 1
304 2 2
304 5 3
304 5 4
304 5 5
304 2 6
304 5 7
304 7 8
304 7 9
305 2 1
305 8 4
305 11 5
305 11 6
305 10 7
305 7 8
305 9 9
305 9 10
305 1 11
305 3 12
305 1 13
305 12 14
306 2 1
306 3 4
306 4 5
306 3 6
306 4 7
306 7 8
306 7 10
306 11 11
306 6 12
306 11 13
306 12 15
306 14 17
307 1 1
307 2 2
307 3 3
307 5 5
308 3 1
308 3 2
308 3 3
308 5 4
308 5 5
309 1 1
309 2 2
309 3 3
309 5 5
309 6 6
309 7 7
309 8 8
309 9 9
309 10 10
309 7 12
309 9 13
309 12 14
309 16 15
310 3 3
310 4 4
310 4 5
310 5 6
310 6 7
310 7 8
310 8 9
310 9 10
310 12 11
310 9 12
310 9 13
310 12 14
310 10 15
310 13 16
311 1 2
311 3 3
311 8 4
311 9 5
311 9 6
311 10 7
312 17 1
312 11 2
312 11 4
312 1 5
312 4 6
312 5 7
312 18 8
312 12 9
312 8 10
312 1 11
312 8 12
312 13 13
312 13 14
312 15 16
312 17 17
312 15 18
312 13 19
312 19 20
313 1 1
313 3 2
313 9 3
313 15 4
313 12 5
313 6 6
313 8 7
313 8 8
313 10 9
313 9 10
313 10 11
313 15 12
313 12 13
313 15 14
313 17 15
314 1 1
314 1 2
314 2 3
314 3 4
314 4 5
314 5 6
314 10 7
314 5 8
314 8 9
314 9 10
314 10 11
314 10 12
314 16 13
314 12 14
314 13 15
314 14 16
314 10 18
314 3 20
314 17 21
314 18 22
315 4 1
315 5 2
315 3 3
315 2 4
315 2 5
315 2 6
315 6 7
315 6 8
315 6 9
315 9 10
315 7 11
315 11 12
315 8 13
315 11 14
315 15 15
315 6 16
315 6 18
315 6 19
315 14 20
315 11 21
315 7 22
315 6 23
315 20 24
316 1 1
316 7 2
316 3 4
316 12 5
316 8 6
316 11 7
316 7 8
316 8 9
316 9 10
316 12 11
316 2 13
316 15 14
317 1 1
317 3 3
317 18 4
317 6 5
317 7 6
317 3 8
317 8 9
317 11 10
317 12 11
317 6 13
317 10 14
317 10 15
317 3 16
317 19 17
317 20 18
318 1 1
318 2 2
318 3 3
318 3 4
318 6 5
318 7 8
319 1 1
319 2 2
319 3 3
319 1 4
319 1 6
319 13 8
319 13 9
319 15 10
319 13 11
319 18 12
319 19 13
319 14 14
319 11 16
319 9 17
319 17 18
319 19 19
319 12 20
319 21 21
320 1 1
320 5 2
320 2 3
320 11 4
320 9 5
320 8 6
320 7 7
320 8 8
320 9 9
320 11 10
320 17 11
320 20 12
320 13 13
320 21 14
320 16 16
320 16 17
320 20 18
320 18 19
320 8 20
320 4 21
320 13 22
320 21 23
320 26 25
320 11 26
320 24 27
320 26 29
320 28 30
321 8 1
321 4 2
321 8 3
321 21 4
321 3 5
321 3 6
321 6 8
321 14 10
321 10 12
321 4 13
321 18 14
321 14 15
321 15 16
321 23 17
321 10 19
321 17 20
321 24 21
321 24 22
321 27 23
322 1 1
322 8 2
322 3 3
322 4 4
322 18 5
322 10 6
322 8 7
322 23 8
322 23 9
322 10 10
322 10 13
322 12 14
322 12 15
322 10 16
322 14 18
322 15 19
322 16 20
322 17 21
322 9 22
322 19 23
322 21 24
322 22 26
322 14 27
322 23 28
322 1 29
322 26 30
323 4 1
323 3 3
323 4 4
323 2 5
323 2 6
323 6 7
323 3 8
323 6 9
323 7 10
323 8 11
323 10 12
323 9 13
323 10 14
323 11 15
324 6 1
324 17 2
324 1 3
324 3 4
324 4 5
324 9 6
324 10 7
324 4 8
324 4 9
324 3 10
324 5 11
324 13 12
324 10 13
324 10 15
324 11 16
324 6 17
324 13 18
324 6 19
324 13 20
324 10 21
324 1 22
324 13 23
324 13 24
324 1 25
324 8 26
324 17 27
325 1 1
325 1 2
325 2 3
325 8 4
325 5 5
325 6 6
325 13 7
325 5 8
325 10 9
325 11 10
325 14 11
325 8 12
325 19 14
326 1 1
326 2 2
326 2 3
326 4 4
326 4 7
326 8 8
326 1 9
326 1 10
326 7 11
326 10 15
326 7 16
326 13 17
326 13 20
326 15 21
326 16 22
326 15 23
326 16 24
326 13 25
326 10 26
326 1 27
326 18 28
327 1 1
327 1 3
327 10 5
327 5 6
327 6 7
327 7 8
327 8 9
327 8 10
327 9 11
327 3 12
327 12 13
327 8 14
327 8 15
327 12 16
327 13 17
327 12 18
327 14 20
327 15 21
328 1 1
328 3 2
328 2 3
328 3 4
328 7 5
328 5 6
328 6 7
328 7 8
328 7 9
328 8 10
329 1 1
329 2 2
329 3 3
329 4 4
329 4 5
329 2 6
329 6 7
329 9 8
329 9 9
329 1 11
329 7 12
329 9 13
329 8 14
329 7 15
329 6 16
330 1 1
330 4 2
330 3 3
330 5 4
330 6 5
330 14 6
330 8 7
330 9 8
330 10 9
330 12 10
330 14 13
330 1 14
330 11 15
330 7 16
330 13 18
330 16 19
330 16 21
330 7 22
330 22 24
330 19 25
330 20 26
330 22 27
331 2 1
331 3 2
331 3 3
331 3 4
331 5 5
331 2 6
331 6 8
332 1 1
332 3 2
332 4 3
332 5 4
332 1 5
332 6 6
332 8 7
332 7 8
332 11 10
333 3 2
333 19 3
333 20 4
333 16 5
333 7 6
333 11 7
333 13 8
333 9 9
333 15 10
333 10 11
333 12 12
333 5 13
333 20 14
333 18 15
333 5 16
333 19 17
333 21 18
334 3 1
334 3 2
334 4 3
334 4 4
334 8 5
334 16 6
334 10 7
334 9 8
334 9 9
334 10 10
334 10 11
334 2 13
334 15 14
334 13 15
334 17 16
335 3 1
335 4 2
335 4 3
335 2 4
335 2 6
335 6 7
335 14 8
335 5 9
335 6 10
335 7 11
335 7 12
335 7 13
335 9 14
335 15 15
336 4 1
336 9 2
336 4 3
336 5 4
336 6 5
336 4 6
336 6 7
336 10 8
336 1 9
336 11 10
337 1 1
337 2 2
337 5 3
337 9 4
337 5 6
337 6 7
337 11 8
337 8 9
337 3 10
337 10 11
337 12 13
337 16 14
337 17 15
337 14 16
337 17 17
337 2 18
337 3 19
337 4 20
337 18 21
338 19 1
338 2 2
338 2 3
338 3 4
338 5 5
338 6 6
338 7 7
338 2 9
338 8 10
338 9 11
338 9 12
338 12 13
338 9 14
338 6 15
338 15 16
338 12 17
338 19 20
338 20 21
338 20 22
338 24 23
339 1 1
339 8 2
339 16 3
339 3 4
339 2 5
339 3 6
339 5 7
339 19 8
339 6 9
339 7 10
339 9 11
339 10 12
339 11 13
339 11 14
339 19 15
339 19 16
339 20 17
339 14 18
339 15 19
339 16 20
339 18 21
339 12 22
339 19 23
339 18 24
339 21 25
340 1 1
340 1 2
340 4 3
340 7 4
340 7 5
340 9 6
341 1 1
341 3 2
341 15 3
341 5 4
341 4 5
341 4 6
341 9 8
341 11 9
341 8 10
341 11 11
341 13 12
341 15 13
341 15 15
341 17 16
341 5 17
341 8 18
341 20 19
342 1 1
342 5 3
342 1 4
342 5 6
342 5 7
342 7 9
343 1 1
343 1 2
343 3 3
343 2 4
343 2 5
343 3 7
343 5 8
343 6 9
344 2 3
344 2 4
345 4 1
345 14 2
345 5 3
345 17 5
345 5 6
345 5 8
345 7 9
345 9 10
345 5 12
345 14 13
345 7 14
345 18 15
345 2 16
345 21 17
345 13 18
345 5 19
345 11 22
345 21 23
345 15 24
345 9 25
345 21 26
345 22 29
346 1 1
346 7 2
346 3 3
346 7 4
346 3 5
346 9 6
346 11 8
347 8 1
347 2 2
347 4 3
347 5 4
347 13 5
347 6 6
347 8 7
347 4 8
347 8 9
347 6 10
347 8 11
347 8 12
347 10 13
347 9 14
347 6 15
347 11 16
347 14 17
347 15 18
347 16 20
347 13 21
347 18 22
348 2 1
348 3 2
348 15 4
348 9 5
348 9 7
348 11 8
348 15 9
349 2 1
349 9 2
349 3 4
349 2 5
349 7 6
349 8 7
349 9 8
349 6 9
349 12 10
349 8 12
349 12 13
349 8 15
349 9 16
349 13 18
349 8 19
349 9 21
349 19 22
349 12 23
349 8 25
349 8 26
349 17 27
349 23 28
350 1 1
350 2 2
350 3 3
350 4 4
350 5 5
350 8 6
350 7 7
350 8 8
350 24 9
350 13 10
350 23 11
350 19 12
350 13 13
350 20 14
350 18 15
350 20 16
350 21 17
350 20 19
350 19 20
350 21 21
350 29 23
350 21 24
350 29 26
351 5 1
351 4 3
351 4 4
351 8 6
352 1 1
352 2 2
352 15 4
352 5 5
352 6 6
352 7 7
352 7 8
352 9 9
352 8 10
352 13 11
352 8 13
352 12 14
352 15 15
352 13 16
352 13 17
352 13 18
352 15 20
352 18 22
353 1 1
353 3 2
353 13 3
353 1 4
353 9 6
353 10 7
353 8 8
353 4 9
353 17 10
353 15 12
353 7 13
353 18 14
354 1 1
354 2 2
354 8 3
354 3 4
354 5 5
354 6 6
354 7 7
354 8 8
355 1 1
355 6 3
355 5 4
355 9 5
355 6 6
355 4 7
355 9 9
355 11 10
355 7 11
355 7 12
355 11 13
355 13 15
355 6 16
355 13 17
355 11 18
355 14 19
355 15 20
355 16 21
356 5 1
356 6 2
356 4 4
356 2 5
356 3 6
356 8 7
356 8 8
356 9 9
356 11 10
356 12 11
356 9 12
356 14 13
356 5 14
356 14 15
356 15 16
357 1 1
357 5 2
357 3 3
357 6 4
357 4 5
357 5 6
357 4 7
357 12 8
357 7 9
357 15 10
357 8 11
357 9 12
357 11 13
357 10 14
357 10 15
357 12 16
357 13 17
357 15 18
357 16 19
357 17 20
358 5 1
358 1 2
358 3 3
358 4 4
358 1 5
358 13 6
358 1 7
358 10 8
358 5 10
358 10 11
358 10 12
358 11 13
358 15 15
358 15 16
358 6 17
358 4 18
358 8 19
358 17 20
358 13 21
358 5 22
358 16 23
358 3 24
358 7 25
358 16 26
358 5 27
358 19 29
359 16 1
359 4 3
359 7 4
359 10 5
359 4 6
359 18 7
359 19 8
359 11 9
359 15 10
359 9 12
359 4 13
359 4 14
359 17 15
359 22 16
360 12 1
360 13 2
360 4 3
360 10 4
360 1 5
360 10 6
360 8 7
360 10 8
360 10 9
360 12 10
360 13 11
360 11 12
360 13 13
360 13 14
360 13 15
360 12 16
360 14 17
361 1 1
361 3 2
361 3 3
361 9 4
361 4 5
361 6 6
361 9 7
361 8 8
361 9 9
361 19 10
361 6 11
361 10 12
361 10 13
361 12 14
361 11 15
361 13 16
361 14 17
361 14 19
361 10 20
361 20 21
361 4 22
361 16 23
361 16 24
361 17 25
361 16 26
361 20 27
361 22 29
362 10 1
362 2 2
362 11 3
362 13 4
362 7 5
362 11 6
362 8 7
362 10 8
362 2 9
362 3 10
362 9 11
362 8 12
362 8 13
362 15 14
363 2 1
363 3 2
363 4 3
363 1 4
363 8 5
363 8 6
363 9 7
363 10 8
364 2 1
364 3 2
364 2 3
364 10 4
364 5 5
364 5 6
364 5 7
364 6 8
364 7 9
364 1 10
364 9 11
364 10 12
365 4 1
365 2 2
365 4 3
365 5 4
365 2 5
365 5 6
365 13 7
365 11 8
365 5 9
365 10 10
365 11 12
365 12 13
365 13 14
365 14 15
366 1 1
366 3 2
366 2 3
366 3 4
366 6 6
366 7 7
366 8 8
367 7 1
367 2 2
367 1 3
367 3 4
367 3 5
367 4 6
367 5 7
367 1 8
367 5 9
367 6 10
367 5 11
367 5 12
367 6 13
367 7 14
367 8 15
368 1 1
368 1 2
368 2 3
368 3 4
368 1 5
368 8 6
368 10 8
368 9 9
368 11 10
368 2 11
368 2 12
368 17 13
368 12 14
368 13 15
368 18 16
368 13 17
368 12 18
368 14 19
368 17 20
368 16 21
368 19 22
369 1 1
369 4 2
369 2 3
369 3 4
369 5 5
369 6 6
369 6 7
369 7 8
369 7 9
369 11 11
370 1 1
370 1 2
370 1 3
370 4 5
370 4 6
370 4 7
370 4 8
370 3 9
370 6 11
370 6 12
370 9 13
371 2 2
372 1 1
372 2 2
372 4 3
372 4 4
372 4 5
372 5 6
372 5 7
372 4 9
372 8 10
373 1 1
373 3 2
373 4 3
373 1 4
373 6 5
373 11 6
373 2 7
373 7 8
373 4 9
373 10 10
373 8 11
373 8 13
373 13 15
373 11 16
373 15 17
373 15 18
373 14 19
373 15 20
373 7 21
373 14 22
373 17 23
374 1 1
374 2 2
374 2 3
374 2 4
374 6 5
374 4 6
374 11 7
374 26 8
374 6 9
374 12 10
374 7 11
374 13 13
374 12 14
374 14 15
374 22 16
374 13 17
374 2 18
374 16 19
374 19 20
374 16 21
374 23 22
374 2 23
374 24 24
374 25 25
374 26 26
374 27 27
374 28 28
375 5 1
375 5 2
375 9 3
375 4 4
375 9 6
375 6 7
375 9 8
375 4 9
375 6 10
375 11 13
375 9 14
375 9 16
375 12 18
375 9 19
375 15 20
375 12 21
375 17 22
376 1 1
376 4 3
376 3 4
376 4 5
376 5 6
376 6 7
376 8 8
376 12 9
376 11 10
376 7 11
376 10 12
376 10 13
376 4 14
376 8 15
376 9 16
376 13 17
377 6 1
377 1 2
377 5 3
377 2 4
377 7 5
377 6 6
377 2 7
378 1 1
378 2 2
378 2 3
378 3 4
378 3 5
378 5 6
378 2 7
378 6 8
379 1 1
379 8 2
379 21 3
379 21 4
379 11 5
379 9 6
379 16 7
379 10 8
379 10 9
379 7 10
379 11 11
379 13 12
379 14 13
379 21 14
379 11 15
379 22 16
379 19 17
379 11 18
379 7 19
379 21 20
379 22 21
379 3 22
379 23 23
379 24 24
380 2 1
380 14 3
380 3 4
380 19 5
380 13 6
380 13 8
380 3 10
380 6 11
380 20 12
380 18 13
380 16 14
380 22 15
380 13 17
380 6 18
380 12 19
380 23 20
381 3 1
381 13 2
381 12 3
381 3 6
381 6 7
381 5 8
381 5 9
381 7 10
381 3 11
381 9 12
381 10 14
381 13 16
382 1 1
382 7 2
382 3 3
382 2 4
382 2 5
382 2 6
382 2 7
382 6 8
382 9 9
382 6 10
382 8 11
382 6 12
382 2 14
382 11 15
383 1 1
383 1 2
383 3 4
383 4 5
383 5 6
383 6 7
383 7 8
383 7 9
383 10 10
383 9 11
383 9 12
383 10 13
383 7 14
383 12 15
383 13 16
384 8 1
384 1 2
384 8 3
384 6 4
384 2 5
384 6 7
384 8 8
384 3 9
384 9 10
385 1 1
385 2 2
385 3 3
385 4 4
385 3 5
385 5 7
386 1 1
386 2 2
386 2 3
386 3 4
386 4 5
386 4 6
386 7 7
386 10 9
386 13 10
386 16 11
386 13 12
386 16 13
386 17 14
386 18 15
386 17 16
386 19 17
386 20 18
386 20 19
386 20 20
386 25 21
386 23 22
386 27 23
386 25 24
386 26 25
386 27 26
386 28 27
387 9 1
387 13 2
387 4 3
387 1 4
387 3 5
387 3 6
387 9 9
387 1 10
387 8 11
387 8 12
387 9 13
387 7 14
387 12 17
387 17 18
387 16 19
387 15 20
387 16 21
387 16 22
387 17 23
387 4 24
387 20 25
387 18 26
387 19 27
387 21 28
388 1 1
388 2 2
388 9 3
388 5 4
388 6 5
388 5 6
388 8 7
388 7 8
388 5 9
388 11 10
388 11 11
388 12 12
388 11 13
388 11 14
388 9 15
388 13 16
388 14 17
388 12 18
388 7 19
388 13 20
388 15 21
388 17 22
389 2 1
389 2 2
389 3 3
389 5 4
389 3 5
389 6 6
389 11 7
389 7 8
389 7 9
389 8 10
389 9 11
389 11 12
389 13 13
389 12 14
389 8 15
389 18 17
389 1 18
389 18 19
389 16 20
389 20 21
390 1 1
390 2 2
390 2 3
390 3 4
390 4 5
390 4 6
390 6 7
390 3 8
390 8 9
390 6 10
390 11 12
390 11 13
390 7 14
390 16 15
390 6 16
390 11 17
390 9 18
390 9 19
390 9 20
390 6 21
390 11 22
390 12 23
390 3 24
390 16 25
390 16 26
390 18 27
390 20 29
391 1 1
391 3 2
391 1 3
391 3 4
391 8 5
391 4 6
391 5 7
391 9 9
391 9 10
391 10 11
391 10 13
391 11 14
391 12 15
391 14 16
392 1 1
392 2 2
392 3 3
392 4 4
392 4 5
392 14 6
392 16 7
392 7 8
392 6 9
392 4 10
392 8 11
392 10 13
392 16 14
392 12 15
392 14 16
392 16 17
392 11 18
392 4 19
392 17 20
393 12 1
393 1 2
393 1 4
393 10 5
393 10 6
393 11 7
393 5 8
393 6 9
393 6 10
393 6 11
393 5 12
393 10 13
393 3 14
393 9 15
393 5 16
393 7 17
393 12 18
393 2 19
393 10 20
393 12 21
394 5 1
394 13 2
394 12 3
394 11 4
394 5 5
394 4 7
394 8 8
394 9 9
394 11 10
394 12 11
394 13 12
394 23 13
394 2 14
394 8 15
394 20 16
394 23 18
394 13 19
394 26 20
394 2 21
394 7 22
394 13 23
394 30 25
395 1 1
395 2 2
395 8 3
395 9 4
395 3 6
395 5 7
395 5 8
395 8 9
395 7 10
395 6 11
395 1 12
395 9 13
395 10 14
395 17 15
395 6 16
395 11 17
395 9 18
395 17 19
395 16 20
395 6 21
395 12 22
395 12 23
395 14 24
395 17 25
395 16 26
395 9 27
395 14 28
395 18 29
396 3 1
396 3 2
396 1 3
396 9 4
396 4 6
396 11 9
397 1 1
397 4 3
397 2 4
397 14 5
397 3 6
397 8 7
397 9 9
397 9 10
397 12 11
397 11 12
397 10 13
397 10 14
397 14 16
398 1 1
398 3 2
398 2 3
398 4 4
398 2 6
398 4 7
398 5 8
398 4 9
398 7 11
399 1 1
399 1 2
399 6 3
399 3 4
399 7 5
399 8 6
399 9 7
399 12 8
399 27 9
399 24 10
399 4 11
399 20 12
399 15 13
399 13 14
399 12 15
399 14 16
399 14 17
399 26 18
399 17 19
399 23 20
399 23 21
399 26 23
399 23 24
399 22 25
399 14 26
399 28 27
399 28 28
399 29 29
400 1 1
400 5 2
400 4 3
400 7 4
400 5 5
400 1 6
400 2 7
400 5 8
400 4 9
400 7 10
400 6 11
400 7 12
400 8 13
401 1 1
401 4 2
401 4 3
401 5 4
401 3 5
401 7 6
401 8 7
401 4 8
401 9 9
401 6 10
401 11 12
401 13 13
401 12 14
401 16 15
401 4 17
401 20 18
401 17 19
401 16 20
401 12 21
401 18 22
401 18 23
401 1 24
401 21 26
402 1 1
402 3 2
402 3 3
402 1 4
402 3 5
402 4 6
402 6 7
402 6 8
402 5 9
402 10 11
402 8 12
402 10 13
402 12 14
403 2 1
403 3 2
403 3 3
403 2 4
403 4 5
403 5 6
403 6 7
403 7 8
403 8 9
403 11 10
403 9 11
403 10 12
403 10 13
403 11 14
403 12 15
403 13 16
403 14 17
404 1 1
404 2 2
404 4 3
404 2 4
404 4 5
404 6 7
404 7 8
404 8 9
405 4 1
405 4 2
405 11 3
405 4 4
405 3 5
405 5 6
405 6 7
405 6 8
405 7 9
405 9 11
405 10 12
405 11 13
405 11 14
405 14 15
405 13 16
405 13 17
405 14 18
405 7 20
405 15 21
405 17 22
406 4 1
406 1 2
406 1 3
406 1 4
406 1 5
406 2 6
406 4 7
407 1 1
407 5 2
407 4 4
407 8 7
408 1 1
408 1 2
408 5 3
408 2 4
408 4 5
408 7 6
408 7 7
408 12 8
408 15 9
408 10 10
408 15 11
408 16 12
408 17 13
408 17 14
408 20 15
408 20 16
409 1 1
409 1 2
409 3 3
409 18 4
409 8 5
409 5 6
409 11 8
409 8 9
409 11 10
409 12 11
409 13 12
409 10 13
409 16 15
409 17 16
409 22 17
409 18 18
409 21 19
409 22 20
409 23 21
410 1 1
410 2 2
410 5 3
410 7 4
410 6 5
410 7 6
410 5 7
410 9 8
410 3 9
410 10 11
410 10 12
410 11 13
410 9 15
410 12 16
410 14 17
410 16 18
410 5 19
410 15 20
410 16 21
410 17 22
410 17 23
410 18 24
410 20 25
410 21 26
410 21 27
410 24 29
411 13 1
411 5 2
411 1 3
411 1 4
411 5 5
411 7 6
411 3 7
411 3 8
411 5 9
411 4 10
411 7 11
411 13 12
411 12 13
411 6 14
411 14 15
411 9 17
411 9 18
411 12 19
411 13 20
411 11 21
411 12 22
411 3 23
411 14 24
411 15 25
411 16 26
412 12 1
412 5 2
412 3 3
412 3 4
412 4 5
412 6 6
412 16 7
412 12 8
412 8 9
412 10 10
412 10 11
412 11 12
412 13 13
412 14 14
412 8 15
412 16 16
412 12 17
412 16 18
412 18 19
412 19 20
412 4 21
412 3 22
412 24 24
413 8 1
413 1 2
413 3 3
413 1 4
413 10 6
413 7 7
413 7 8
413 7 9
413 6 10
413 8 11
413 10 12
413 4 13
413 12 14
414 1 1
414 16 2
414 3 3
414 4 4
414 4 5
414 14 7
414 4 8
414 16 9
414 16 10
414 6 11
414 6 12
414 15 14
414 8 16
414 15 18
414 13 19
414 8 20
414 15 21
414 8 22
414 9 23
414 18 25
415 1 1
415 3 2
415 10 3
415 4 4
415 5 5
415 6 6
415 7 7
415 7 8
415 10 9
415 8 10
415 12 11
415 12 12
415 15 13
415 17 15
416 5 1
416 3 2
416 4 3
416 12 4
416 6 5
416 6 6
416 5 7
416 6 8
416 8 9
416 7 10
416 5 11
416 12 12
416 12 13
416 13 14
416 14 15
416 13 16
416 12 17
416 5 18
416 23 19
416 15 20
416 24 22
416 23 23
416 13 24
416 16 25
416 17 26
416 21 27
416 25 28
416 19 29
416 27 30
417 2 1
417 2 2
417 4 4
417 4 5
417 4 6
417 10 8
417 10 9
417 17 10
417 15 12
417 15 14
417 19 15
417 19 16
417 21 17
417 18 19
417 19 20
417 19 21
417 21 23
417 16 24
417 22 25
417 23 26
418 1 1
418 2 2
418 19 3
418 4 4
418 20 5
418 8 6
418 11 7
418 19 8
418 7 9
418 9 10
418 6 11
418 11 12
418 6 13
418 13 14
418 15 15
418 5 16
418 12 17
418 14 18
418 19 19
418 20 20
418 21 21
419 1 1
419 2 2
419 4 3
419 5 4
419 6 5
419 3 6
419 3 7
419 3 8
419 6 9
419 8 11
419 4 12
419 10 13
419 10 14
419 11 15
419 12 16
420 1 1
420 2 2
420 4 3
420 3 4
420 13 5
420 5 6
420 5 7
420 7 8
420 1 9
420 1 11
420 1 12
420 8 13
420 12 14
420 13 15
420 14 16
420 12 17
420 18 18
420 15 19
420 18 20
420 15 21
420 17 23
420 8 24
420 22 25
420 19 26
420 20 27
420 6 28
420 2 29
420 23 30
421 1 1
421 7 2
421 9 3
421 5 4
421 7 5
421 11 8
421 10 9
421 8 10
421 13 11
421 14 12
421 14 13
421 15 14
422 1 1
422 2 2
422 2 3
422 3 4
422 4 5
422 4 6
422 5 7
422 5 8
422 8 9
422 5 10
422 8 11
422 2 12
422 10 13
422 11 14
422 12 15
422 12 16
422 13 17
423 1 1
423 7 2
423 1 3
423 3 4
423 4 5
423 4 6
423 4 7
423 6 8
423 5 9
423 6 10
423 7 11
423 2 12
423 6 13
423 8 15
424 3 1
424 2 2
424 1 3
424 4 4
424 5 5
424 3 6
424 7 7
424 5 8
424 5 9
424 7 10
424 12 11
424 12 12
424 12 13
424 13 14
424 13 15
424 13 16
424 13 17
424 17 18
424 14 19
424 14 21
424 19 22
424 3 23
424 20 24
424 20 25
424 14 26
424 6 28
424 23 29
424 27 30
425 1 1
425 2 2
425 3 3
425 4 4
425 5 5
425 11 6
425 5 7
425 15 8
425 8 9
425 9 10
425 10 11
425 12 12
425 15 13
425 16 15
425 15 16
425 15 17
425 12 18
425 19 19
425 18 20
425 17 21
425 19 23
425 21 24
426 1 1
426 2 2
426 3 3
426 4 4
426 4 5
426 5 6
426 7 8
426 7 9
426 14 10
426 13 11
426 14 12
426 12 13
426 15 14
426 15 15
426 15 16
426 16 18
426 11 19
426 16 21
426 20 22
427 1 1
427 2 2
427 2 3
427 3 4
427 4 6
427 6 7
428 2 1
428 9 2
428 7 3
428 2 4
428 6 5
428 11 6
428 11 7
428 7 8
428 12 10
428 4 11
428 16 12
428 9 13
428 9 14
428 8 15
428 7 16
428 7 17
428 12 18
428 8 19
428 11 20
428 5 21
428 8 22
428 17 25
429 3 1
429 2 2
429 6 3
429 4 4
429 5 5
429 1 6
429 7 7
429 5 8
429 7 9
429 8 10
429 3 11
429 8 12
429 5 13
429 3 14
429 11 15
429 12 16
429 13 17
430 1 1
430 13 2
430 3 3
430 4 4
430 5 5
430 6 6
430 7 7
430 3 8
430 3 9
430 8 10
430 11 11
430 13 12
430 2 13
430 2 14
430 14 15
430 17 16
431 6 1
431 6 2
431 6 3
431 6 4
431 5 5
431 5 6
431 5 7
431 1 8
431 9 9
431 8 10
431 8 11
431 10 12
432 2 2
432 4 3
432 5 4
433 1 1
433 2 2
433 3 3
433 4 4
433 5 5
433 7 6
433 16 7
433 14 8
433 8 9
433 6 10
433 10 11
433 11 12
433 9 13
433 10 14
433 8 16
433 14 17
433 2 18
433 14 19
433 17 20
434 22 1
434 14 2
434 3 3
434 8 4
434 18 5
434 16 6
434 7 7
434 3 8
434 6 9
434 7 10
434 8 11
434 14 12
434 10 13
434 11 14
434 15 16
434 15 17
434 4 18
434 3 19
434 5 20
434 21 21
434 20 22
434 20 23
434 21 24
434 22 25
434 23 26
434 24 27
435 1 1
435 1 2
435 3 3
435 16 4
435 12 5
435 5 6
435 7 7
435 7 8
435 5 9
435 4 10
435 7 11
435 14 12
435 13 13
435 17 14
435 11 15
435 12 16
435 13 17
435 17 18
435 16 19
435 17 20
435 12 22
435 10 23
435 20 24
435 21 25
435 22 26
436 2 1
436 3 2
436 2 3
436 11 4
436 7 5
436 3 6
436 13 7
436 3 8
436 9 9
436 9 10
436 10 11
436 2 12
436 13 13
436 6 14
436 14 15
436 16 16
436 17 17
437 1 1
437 2 2
437 2 3
437 3 4
437 4 5
437 5 6
437 6 7
437 7 8
437 8 9
437 9 10
437 10 11
437 11 12
437 15 14
437 14 15
437 15 16
437 16 17
437 17 18
437 18 19
438 2 1
438 2 2
438 3 3
438 5 4
438 4 5
438 5 6
438 5 7
438 8 8
438 8 9
438 1 10
438 11 11
438 5 12
438 8 13
438 14 14
439 1 1
439 3 2
439 4 3
439 5 4
439 2 5
439 7 6
439 16 7
439 7 8
439 2 9
439 7 10
439 8 11
439 12 13
439 10 14
439 11 15
439 15 16
439 14 17
439 15 18
439 16 19
440 1 1
440 2 2
440 25 3
440 3 4
440 15 5
440 4 6
440 12 8
440 25 9
440 18 10
440 25 11
440 13 12
440 9 13
440 5 14
440 27 16
441 5 2
441 2 3
441 8 4
441 6 5
441 6 6
441 6 7
441 14 8
441 12 9
441 9 10
441 12 11
441 12 12
441 11 13
441 13 14
441 14 15
441 15 17
441 16 18
441 18 19
441 19 20
442 1 1
442 2 2
442 2 3
442 3 4
442 7 5
442 8 6
442 11 7
442 11 8
442 8 9
442 10 10
442 10 11
442 14 12
442 14 14
442 16 16
443 1 1
443 2 2
443 2 3
443 3 4
443 7 6
443 6 7
443 10 8
443 3 9
443 9 10
443 12 11
443 20 12
443 14 13
443 13 14
443 20 15
443 17 16
443 18 17
443 26 18
443 22 19
443 17 20
443 25 22
443 26 23
443 21 25
443 7 26
443 27 27
443 25 28
443 29 29
444 1 1
444 21 3
444 4 4
444 5 5
444 7 6
444 11 8
444 8 9
444 12 10
444 12 11
444 14 12
444 14 13
444 17 15
444 18 17
444 20 18
444 21 19
444 15 20
444 23 21
444 22 22
444 24 23
444 21 24
444 26 25
445 5 1
445 3 2
445 3 3
445 3 4
445 2 5
445 5 6
445 5 7
445 6 8
445 6 9
445 7 10
445 8 11
445 8 12
445 7 13
445 9 14
445 9 15
445 10 16
446 1 1
446 2 2
446 2 3
446 2 4
446 4 5
446 6 6
446 4 7
446 7 9
